$SPEC_ID:
No sample description was entered.
$SPEC_REM:
DET# 1
DETDESC# LAB4C1 Easy-MCA-2k SN 20066403
AP# Maestro Version 7.01
$DATE_MEA:
11/05/2024 16:44:07
$MEAS_TIM:
138 139
$DATA:
0 2047
       0
       0
       0
       0
       0
       0
       0
       0
       0
       0
       4
      20
      11
       9
      13
      14
      25
      27
      34
      60
      67
      85
     109
     140
     179
     226
     294
     356
     386
     460
     452
     483
     419
     435
     459
     462
     506
     441
     373
     385
     381
     343
     373
     362
     321
     335
     288
     282
     288
     256
     239
     191
     139
     126
      82
      69
      52
      32
      19
      16
       7
      14
      16
      15
      21
      13
      19
      21
      30
      38
      37
      60
      81
     101
     115
     172
     204
     242
     311
     369
     427
     436
     578
     624
     704
     756
     975
    1033
    1128
    1288
    1425
    1502
    1682
    1585
    1679
    1472
    1349
    1201
     971
     812
     604
     450
     335
     235
     145
      89
      69
      42
      32
      31
      24
      18
      28
      32
      21
      13
      15
       9
      19
      11
      13
      11
      11
      16
       6
      12
      11
      10
      13
      14
      16
       9
      16
       6
       8
      16
      17
       9
      10
      10
      18
      15
      14
       9
       5
      19
      10
       5
      17
       7
      18
      12
      15
      13
      11
       8
      12
      15
      10
       9
       9
       9
      13
       4
       8
      10
       8
      12
       8
      10
      11
       9
      10
       6
       8
       7
       5
       7
       4
      19
      10
      10
       8
       5
       9
       7
       8
       5
      10
      10
       9
       8
       8
       4
      12
       6
       9
       8
       6
       5
       8
      10
       6
       3
       7
       9
       8
       7
       8
      10
       8
       6
       6
       5
       7
       6
       6
       7
      12
       7
       7
       3
       9
       5
       4
       7
       9
       6
      12
       6
       4
       4
      11
       6
       3
       6
       8
       5
       4
       7
      10
       3
       5
      12
       6
       7
       7
       7
       4
       4
       8
       5
       4
       6
       5
       5
       4
       4
       6
       4
       6
       2
       3
       6
       8
       5
      11
       7
       9
       2
       8
       3
       4
       7
       7
       7
      11
       6
       6
       4
       7
       3
       6
       8
       4
       9
       5
       6
       9
       8
       3
       6
       6
       3
       7
       3
       8
       8
      10
       6
       8
       7
       2
       6
       7
       5
       2
       9
       9
       9
       2
       6
       6
       1
       8
       9
       4
       4
       7
       5
       9
       5
       6
       6
       5
       3
       4
       6
       5
       3
       3
       6
       6
       4
       6
       3
       3
       5
       6
       7
       3
       3
       5
       6
       6
       2
       4
       2
       4
       5
       6
       5
       2
       1
       8
       1
       3
       2
       3
       4
       3
       3
       6
       5
       2
       2
       2
       1
       1
       3
       5
       4
       2
       1
       5
       5
       4
       2
       3
       1
       5
       3
       2
       5
       1
       2
       2
       6
       4
       3
       4
       4
       7
       2
       6
       5
       1
       5
       7
       2
       3
       3
       3
       7
       9
       4
       4
       6
       1
       4
       2
       5
       4
       7
       0
       4
       1
       2
       2
       3
       2
       5
       1
       6
       4
       8
       3
       2
       1
       2
       2
       3
       0
       1
       3
       3
       3
       0
       1
       5
       3
       3
       2
      12
       4
       5
       4
       5
       3
       2
       2
       2
       3
       5
       3
       7
       1
       2
       5
       1
       9
       1
       9
       1
       7
       1
       3
       5
       1
       3
       1
       1
       2
       1
       1
       5
       4
       5
       7
       3
       3
       4
       7
       2
       4
       1
       3
       3
       1
       2
       1
       3
       2
       2
       5
       3
       0
       3
       2
       2
       1
       2
       3
       3
       2
       1
       0
       2
       2
       2
       3
       0
       4
       1
       1
       2
       4
       2
       3
       2
       3
       2
       2
       0
       1
       2
       1
       1
       1
       1
       1
       2
       2
       2
       3
       2
       1
       3
       1
       3
       1
       3
       4
       3
       0
       4
       3
       0
       4
       2
       1
       1
       5
       3
       2
       1
       1
       4
       1
       1
       2
       0
       5
       2
       3
       1
       0
       3
       4
       1
       2
       3
       1
       3
       1
       3
       5
       1
       1
       4
       3
       2
       1
       2
       3
       1
       3
       1
       2
       3
       3
       1
       0
       1
       0
       1
       2
       3
       2
       2
       1
       3
       3
       1
       1
       2
       1
       4
       2
       7
       1
       3
       1
       2
       3
       2
       0
       0
       1
       1
       4
       2
       3
       3
       0
       1
       3
       1
       3
       1
       1
       3
       2
       3
       1
       1
       2
       3
       3
       0
       1
       2
       1
       4
       3
       2
       0
       1
       2
       3
       1
       1
       2
       3
       4
       5
       2
       1
       1
       2
       2
       1
       2
       4
       3
       2
       0
       3
       2
       3
       2
       2
       1
       0
       0
       0
       3
       3
       0
       1
       4
       3
       3
       0
       0
       2
       2
       2
       1
       2
       4
       3
       1
       1
       0
       1
       3
       1
       2
       1
       2
       2
       0
       3
       1
       2
       2
       1
       4
       3
       2
       4
       3
       2
       0
       2
       1
       2
       2
       0
       2
       0
       3
       2
       4
       2
       3
       3
       1
       2
       2
       0
       2
       3
       1
       1
       2
       1
       2
       3
       1
       0
       0
       6
       1
       4
       1
       1
       3
       1
       0
       2
       3
       1
       2
       2
       4
       3
       3
       1
       0
       0
       2
       4
       3
       0
       3
       1
       4
       1
       1
       4
       0
       3
       1
       0
       3
       0
       3
       1
       2
       1
       2
       0
       1
       1
       0
       3
       0
       1
       1
       0
       2
       1
       3
       3
       1
       3
       0
       2
       2
       4
       2
       1
       3
       1
       3
       2
       1
       2
       0
       2
       2
       2
       3
       1
       3
       2
       0
       1
       1
       1
       0
       2
       1
       3
       2
       1
       2
       2
       1
       1
       0
       1
       2
       0
       3
       0
       2
       3
       2
       3
       0
       2
       2
       1
       0
       1
       3
       1
       1
       2
       2
       2
       2
       1
       1
       3
       1
       2
       1
       2
       0
       1
       3
       2
       2
       0
       1
       3
       2
       3
       1
       0
       2
       2
       3
       2
       0
       0
       1
       0
       1
       1
       2
       3
       1
       2
       0
       1
       1
       1
       1
       1
       0
       2
       2
       1
       0
       1
       2
       1
       0
       0
       2
       1
       0
       2
       1
       1
       1
       2
       1
       2
       2
       0
       1
       2
       0
       2
       0
       1
       0
       3
       1
       0
       0
       1
       0
       0
       1
       0
       0
       1
       0
       4
       1
       2
       1
       3
       0
       2
       3
       0
       0
       1
       1
       0
       1
       2
       0
       0
       0
       1
       0
       1
       0
       3
       0
       2
       0
       1
       1
       1
       2
       1
       0
       1
       1
       1
       1
       0
       0
       2
       0
       1
       0
       0
       1
       0
       0
       3
       0
       0
       1
       1
       0
       0
       2
       0
       2
       0
       0
       0
       1
       1
       1
       0
       0
       1
       1
       1
       0
       2
       3
       1
       1
       1
       0
       0
       0
       0
       0
       0
       0
       0
       1
       1
       0
       2
       1
       1
       0
       1
       1
       0
       0
       0
       1
       1
       1
       0
       1
       0
       0
       0
       0
       0
       2
       0
       0
       0
       0
       1
       1
       4
       2
       1
       0
       0
       2
       1
       1
       1
       0
       0
       0
       1
       0
       0
       0
       0
       1
       0
       1
       2
       0
       3
       0
       0
       1
       0
       0
       1
       0
       1
       3
       1
       0
       2
       0
       0
       0
       1
       1
       1
       0
       1
       1
       0
       0
       1
       0
       4
       1
       0
       1
       1
       1
       1
       0
       0
       0
       2
       0
       1
       0
       0
       0
       1
       2
       1
       1
       2
       2
       1
       0
       1
       0
       3
       1
       0
       1
       1
       1
       1
       1
       2
       3
       1
       1
       0
       0
       3
       1
       1
       0
       1
       2
       1
       0
       3
       2
       0
       2
       2
       1
       2
       0
       0
       2
       0
       2
       2
       0
       2
       0
       1
       0
       2
       0
       1
       0
       1
       0
       2
       0
       0
       1
       0
       2
       0
       1
       1
       1
       1
       0
       0
       1
       0
       0
       0
       0
       0
       0
       1
       3
       0
       0
       0
       1
       0
       2
       1
       3
       0
       2
       0
       1
       2
       1
       0
       1
       1
       1
       0
       1
       1
       0
       0
       1
       0
       3
       1
       1
       1
       2
       2
       0
       0
       1
       0
       0
       0
       1
       1
       0
       1
       1
       0
       2
       2
       3
       2
       0
       1
       2
       2
       3
       4
       1
       0
       2
       0
       3
       0
       0
       4
       1
       1
       2
       0
       1
       1
       0
       0
       3
       4
       1
       1
       1
       0
       0
       1
       1
       1
       2
       1
       0
       0
       0
       0
       1
       0
       0
       0
       0
       2
       0
       1
       0
       0
       1
       2
       1
       2
       2
       0
       1
       0
       2
       0
       0
       0
       1
       1
       0
       1
       2
       0
       2
       1
       1
       0
       1
       3
       2
       0
       1
       0
       0
       1
       0
       1
       1
       0
       0
       2
       0
       1
       0
       1
       1
       1
       1
       0
       0
       0
       1
       0
       0
       0
       0
       1
       1
       1
       0
       0
       0
       1
       0
       0
       1
       0
       0
       1
       0
       0
       1
       0
       0
       0
       1
       0
       1
       1
       0
       0
       0
       0
       0
       0
       0
       1
       1
       2
       0
       2
       0
       1
       1
       1
       2
       1
       1
       1
       1
       1
       1
       0
       0
       0
       1
       0
       2
       1
       1
       2
       2
       2
       0
       1
       1
       1
       0
       1
       1
       1
       0
       0
       1
       1
       0
       0
       1
       2
       0
       1
       0
       2
       1
       1
       0
       2
       0
       2
       0
       1
       1
       1
       1
       0
       0
       0
       0
       2
       0
       0
       1
       0
       0
       0
       1
       1
       1
       1
       0
       1
       1
       0
       1
       0
       0
       0
       1
       0
       0
       0
       2
       0
       0
       1
       0
       0
       0
       1
       0
       2
       0
       0
       1
       0
       1
       1
       0
       1
       0
       1
       0
       2
       0
       0
       1
       1
       1
       0
       2
       1
       1
       0
       0
       0
       1
       1
       0
       1
       1
       0
       0
       0
       1
       0
       1
       0
       0
       0
       0
       0
       3
       1
       1
       0
       1
       0
       0
       0
       0
       0
       0
       1
       0
       2
       0
       0
       1
       0
       0
       0
       0
       2
       0
       0
       0
       1
       0
       2
       0
       0
       0
       0
       0
       1
       0
       1
       0
       0
       0
       1
       0
       1
       0
       1
       1
       0
       0
       1
       0
       0
       0
       0
       0
       1
       1
       0
       0
       2
       0
       1
       1
       1
       0
       0
       1
       0
       0
       1
       0
       1
       0
       0
       1
       0
       0
       0
       2
       0
       0
       1
       0
       1
       3
       0
       2
       1
       1
       1
       0
       1
       0
       1
       1
       0
       1
       0
       1
       0
       2
       0
       0
       0
       2
       0
       1
       0
       1
       0
       0
       0
       3
       0
       0
       0
       0
       0
       2
       0
       0
       0
       2
       0
       0
       0
       0
       1
       1
       0
       0
       2
       0
       0
       0
       0
       1
       0
       0
       0
       0
       0
       0
       0
       0
       0
       0
       0
       0
       0
       0
       0
       0
       0
       0
       0
       0
       1
       0
       0
       0
       0
       0
       0
       0
       0
       0
       0
       0
       0
       0
       0
       0
       0
       0
       0
       0
       1
       0
       0
       0
       1
       0
       1
       1
       0
       1
       1
       0
       1
       0
       0
       0
       0
       1
       0
       0
       0
       0
       0
       0
       0
       1
       2
       0
       0
       1
       0
       0
       0
       0
       0
       0
       0
       0
       0
       0
       0
       1
       0
       0
       0
       0
       0
       0
       0
       0
       1
       1
       1
       0
       0
       0
       0
       2
       0
       1
       0
       0
       0
       0
       0
       1
       0
       0
       0
       1
       0
       0
       0
       0
       0
       0
       1
       0
       1
       0
       0
       0
       0
       0
       0
       0
       0
       0
       0
       0
       1
       0
       0
       0
       0
       0
       1
       1
       0
       0
       0
       0
       1
       1
       0
       0
       0
       0
       0
       1
       0
       0
       1
       0
       1
       0
       0
       0
       0
       1
       2
       0
       2
       0
       0
       0
       2
       0
       0
       0
       0
       1
       0
       0
       1
       0
       0
       0
       0
       0
       1
       1
       0
       0
       0
       0
       0
       0
       2
       1
       0
       1
       0
       0
       1
       0
       1
       0
       1
       1
       1
       0
       0
       1
       0
       1
       0
       1
       0
       1
       0
       1
       2
       3
       1
       0
       0
       1
       0
       0
       0
       1
       2
       1
       0
       0
       1
       1
       0
       0
       0
       1
       2
       0
       0
       0
       1
       0
       1
       1
       1
       0
       2
       0
       2
       0
       2
       0
       1
       1
       0
       1
       2
       2
       0
       2
       2
       1
       0
       3
       0
       3
       1
       0
       0
       0
       2
       1
       1
       0
       0
       0
       0
       0
       0
       0
       0
       1
       0
       1
       2
       0
       0
       0
       0
       1
       0
       1
       1
       0
       0
       0
       0
       0
       0
       0
       1
       0
       0
       0
       0
       0
       0
       0
       1
       1
       0
       0
       0
       0
       0
       1
       0
       0
       0
       0
       0
       1
       0
       0
       1
       1
       0
       0
       0
       1
       0
       0
       0
       1
       1
       0
       0
       0
       2
       0
       0
       0
       0
       0
       0
       1
       0
       0
       0
       0
       0
       0
       0
       0
       0
       0
       1
       0
       0
       0
       0
       1
       0
       0
       0
       1
       0
       0
       0
       0
       0
       1
       0
       0
       0
       1
       1
       0
       0
       0
       0
       0
       0
       0
       1
       0
       0
       0
       0
       0
       0
       0
       0
       0
       0
       0
       0
       0
       0
       0
       0
       0
       0
       0
       0
       0
       0
       0
       0
       0
       0
       0
       0
       0
       0
       0
       0
       0
       0
$ROI:
2
72 107
1430 1588
$PRESETS:
None
0
0
$ENER_FIT:
0.000000 0.000000
$MCA_CAL:
3
0.000000E+000 0.000000E+000 0.000000E+000 
$SHAPE_CAL:
3
0.000000E+000 0.000000E+000 0.000000E+000
