$SPEC_ID:
No sample description was entered.
$SPEC_REM:
DET# 1
DETDESC# LAB4C1 Easy-MCA-2k SN 20066403
AP# Maestro Version 7.01
$DATE_MEA:
11/05/2024 16:50:44
$MEAS_TIM:
1139 1141
$DATA:
0 2047
       0
       0
       0
       0
       0
       0
       0
       0
       0
       0
     211
     487
     275
     185
     151
      93
      76
      69
      51
      80
      67
      66
      71
      63
      59
      81
      74
      77
      51
      71
      58
      79
      75
     108
     115
     130
     171
     262
     420
     544
     737
    1064
    1443
    1871
    2440
    2951
    3681
    3999
    4460
    4601
    4218
    3822
    3369
    2815
    2204
    1660
    1272
    1006
     759
     528
     406
     310
     237
     201
     156
     124
     126
     130
     129
     116
     127
     148
     172
     151
     171
     184
     187
     167
     195
     221
     227
     202
     213
     207
     211
     192
     178
     204
     161
     162
     164
     164
     169
     151
     166
     209
     198
     193
     225
     235
     264
     268
     315
     303
     376
     372
     422
     449
     482
     514
     586
     552
     619
     695
     750
     776
     850
     964
     969
    1061
    1121
    1127
    1198
    1083
    1123
    1089
    1030
     897
     843
     723
     647
     544
     473
     337
     298
     258
     204
     165
     166
     144
     142
     127
     109
     108
     103
     124
     109
     120
     115
     123
      89
     119
     115
     122
     118
     127
     128
     123
     108
     114
     122
     109
     106
     123
     104
     117
     108
      83
     110
     110
     116
     104
     121
     108
     102
      98
     105
     102
     133
     114
      96
     108
     107
      94
     113
     129
      93
      82
     108
      98
     103
      94
     106
     106
     128
     101
     119
     112
      97
     124
     108
      97
     109
     111
     101
     100
     121
     115
     115
     111
     126
     113
      92
      93
     127
     110
     119
     109
     114
     119
     142
     106
     108
     115
     129
     121
     114
     110
     116
     135
     107
     107
     106
     121
     111
     105
     105
     108
     121
      93
     106
     112
      83
     103
      88
     126
     106
      92
      92
      95
      87
     107
      98
      69
      84
      69
      97
      74
      93
      92
     105
      83
      79
      81
      98
      84
      78
      88
      99
      90
     107
      79
      83
      82
      72
      65
      86
      67
      89
      84
      77
      73
      71
      79
     101
      89
      70
      82
      81
      75
      81
      83
      82
      55
      71
      84
      70
      71
      93
      57
      79
      74
      87
      63
      67
      83
      64
      74
      80
      81
      86
      69
      65
      80
      62
      74
      71
      72
      78
      66
      68
      76
      76
      75
      62
      62
      80
      76
      53
      74
      61
      76
      94
      64
      53
      57
      58
      78
      55
      63
      61
      58
      66
      72
      66
      79
      59
      77
      62
      58
      79
      62
      62
      90
      68
      75
      94
      89
      62
      93
      99
      93
     109
     103
     143
     112
     134
     122
     130
     139
     148
     124
     129
     145
     139
     149
     150
     169
     170
     158
     175
     159
     173
     160
     173
     171
     159
     182
     179
     190
     182
     186
     190
     213
     206
     197
     222
     216
     197
     237
     215
     232
     225
     222
     231
     254
     263
     266
     259
     221
     252
     252
     256
     233
     222
     238
     231
     238
     247
     265
     233
     219
     212
     230
     216
     197
     217
     191
     205
     189
     163
     165
     173
     152
     170
     138
     130
     158
     144
     129
     128
     124
     117
     125
     124
     125
     126
     119
     142
     139
     163
     155
     171
     197
     202
     222
     214
     262
     250
     299
     268
     294
     347
     310
     393
     381
     375
     410
     437
     418
     468
     511
     477
     504
     535
     546
     562
     529
     567
     589
     581
     602
     576
     595
     607
     604
     628
     589
     554
     553
     591
     540
     511
     553
     528
     469
     457
     435
     473
     431
     414
     404
     350
     352
     350
     325
     317
     295
     279
     261
     257
     245
     229
     233
     218
     161
     187
     196
     158
     174
     124
     166
     158
     144
     110
     125
     124
      95
     107
      98
     100
      98
      91
      87
      75
      79
      92
      56
      71
      64
      53
      57
      48
      40
      54
      39
      41
      37
      34
      44
      32
      34
      20
      40
      39
      19
      25
      32
      23
      15
      30
      22
      20
      23
      22
      19
      15
      22
      19
      25
      28
      19
      18
      15
      22
      24
      11
      14
      18
      18
      14
      19
      20
      12
      23
      17
      16
      14
      11
      15
      21
      15
      10
      15
      11
      18
      12
      18
      23
      11
      19
      30
      11
      13
      18
      14
      18
      20
      20
      13
      17
      11
      14
      22
      12
      10
      12
      12
       6
      19
      18
      15
      14
      15
      10
      17
      10
      18
      13
      11
      15
      15
      13
      12
      15
      19
      17
      13
      14
      18
      16
      13
      17
      13
      17
      17
      22
      14
      17
       8
      20
      11
      21
      16
      14
      16
      15
      20
      17
      11
      22
      21
      16
      21
      16
      20
      19
      12
       5
      17
      11
      17
      22
      19
      15
      15
      15
      19
      16
      16
      23
      21
      13
      15
      18
      20
      18
      13
      19
      15
      16
      19
      12
      13
      23
      17
      17
      12
      22
      15
      17
      16
      16
      19
      13
      13
      14
      12
      16
      15
      11
      15
      15
      12
       8
      10
      11
       7
      15
      16
      15
      14
      10
      19
      10
      10
       7
      12
      15
      10
      18
       9
      17
      20
      12
      12
      15
      14
      11
       6
      22
       9
      15
      21
      13
      12
      15
      10
      13
      13
      15
      16
      14
      10
      13
      14
      17
      16
      10
      10
      13
       9
      13
      14
      12
      15
      12
      15
      18
      15
      18
       8
      18
      10
      12
      16
      10
      19
      20
      10
      10
      21
      22
      11
      14
      13
      14
      10
      18
      14
       9
       8
      20
      26
       9
      12
      17
      16
      19
      11
      16
      19
      11
      13
      15
      10
      13
      14
       6
      15
      17
      15
      12
      16
      10
      14
      12
      14
      18
      11
       8
      21
      16
      10
      13
       7
       9
      14
      15
      17
      12
       8
      10
       6
      14
      10
      12
       9
       9
      10
      12
       9
      14
       8
       8
      11
      11
       7
      10
      10
      12
      12
      12
      13
       6
      12
       6
      12
      12
      10
       9
      10
      10
      16
       6
      11
       7
       8
      14
      14
       7
       5
       8
      13
       8
      12
       8
       8
       9
       5
      10
       8
      10
       5
      12
       9
       7
       7
      11
      11
      13
      10
      15
      12
       6
       8
      10
       5
       8
       5
      15
       6
       6
       8
       4
       9
       6
      11
       6
       6
       9
      14
       9
       5
       9
       7
       8
       6
       8
       9
       7
      13
       9
       7
       9
       7
       9
       8
      12
       7
       3
       5
      10
       9
       9
       7
       8
       7
       5
       6
       9
       9
       6
      10
      11
       5
       9
       5
      16
       7
      10
       8
      13
       7
       5
       4
       7
       8
      18
      14
       9
      13
      13
      10
       7
       4
       8
       8
       8
       5
       5
       9
       5
       4
       8
       9
      12
       1
       5
       6
      12
       5
      10
      10
      11
      10
       7
      12
       4
       8
       5
       5
       4
       9
       9
       3
       7
      10
       8
       8
       9
       8
       6
       6
      11
      11
      11
       7
      10
       8
       6
       3
       7
       8
       6
      11
      11
       9
       9
       7
       7
      10
      10
       2
       6
       3
      10
      10
      14
      10
       7
      10
      11
       8
       7
       8
       7
       4
       9
       7
      10
       6
      12
       4
       8
       2
      10
       8
       6
       8
       6
       7
      10
       7
       4
       7
       2
       8
       4
       3
       9
       7
       7
       8
      10
       5
       5
       7
       6
       8
       4
       7
       7
       8
       7
       6
       5
       8
       4
       8
       7
       4
       9
       8
       6
       7
       5
       8
       1
       7
       6
       5
       6
       8
       7
       5
       4
       7
       8
       4
       8
       4
       5
       5
       4
       8
       6
       7
       5
       5
       6
       9
       7
      13
       3
       9
       3
       1
       9
       7
       7
       7
       8
       4
       8
       3
       6
       4
       7
      18
       2
       6
       4
       9
       4
       6
       5
       9
       7
       8
       6
       5
       3
       8
       8
       3
       6
      10
       6
       9
       6
      11
      10
       2
       2
       6
       5
       7
       9
       4
       9
       3
      10
       7
       5
       4
       3
       5
       7
       4
       8
       6
      10
       4
      10
       6
       7
       5
      11
      12
       8
       5
       8
      11
       7
      14
       6
       2
       4
       8
       7
       9
       3
       3
      13
       7
       8
       5
       4
       7
       9
       5
      10
       4
       4
       9
       7
       8
       4
      10
       5
       3
       6
       5
       7
       5
       5
       8
       4
       6
       8
       6
       5
       6
       3
       9
       8
       7
       7
       5
       7
       6
      12
       4
       5
       8
       9
       3
       2
       7
       7
       4
       5
       7
       4
       8
      11
       4
       6
      11
      12
       7
       6
       6
       6
       2
       8
       3
       6
       7
       5
       6
       3
       4
      11
       8
       3
       3
      10
       4
      12
       4
       3
      12
       9
       2
       3
       6
       5
       6
       4
       5
       6
       4
       5
       6
       6
       3
       8
       6
       8
       7
       4
       3
       4
       3
       3
       4
       1
       3
       5
       4
       5
       5
       6
       4
       7
       4
       5
       6
       6
       4
       7
       5
       5
       6
       6
       3
       6
       6
       3
       7
       8
       2
       4
       6
       7
       3
       4
       2
       5
       7
       5
       4
       4
       6
       2
       4
       5
       4
       6
       6
       8
       4
       6
       3
       4
       5
       6
       5
       3
       8
       3
       9
       4
       4
       6
       5
       3
       7
       8
       6
       6
       2
       3
       2
       4
       7
       7
       6
       5
       5
       4
       4
       7
       4
       5
       5
       1
       7
       8
       7
       4
       4
      10
       3
       4
       4
       2
       2
       7
       4
       3
       6
       7
       6
       7
       4
       2
       5
       4
       7
       6
       3
       5
       5
       4
       5
       6
       5
       9
       3
       1
       7
       4
       7
       5
       8
       3
       4
       2
       7
       6
       3
       4
       8
       4
       2
       4
       3
       5
       4
       3
       4
       9
       5
       4
       4
       5
       3
       4
       5
       2
       4
       7
       8
       3
       8
       3
       1
       4
       3
       8
       4
       2
       3
       6
       6
       5
       5
       5
       4
       4
       8
       6
       4
      10
       0
       4
       9
       3
       5
       5
       6
       5
       4
       6
       5
       8
       3
       5
       7
       5
       4
       7
       6
       6
       1
       2
       1
       3
       6
       7
       6
       3
       4
       4
       7
       3
       5
       3
       3
       4
       5
       1
       4
       4
       3
       6
      10
       4
       7
       2
       4
       6
       2
       3
       6
       4
       6
       7
       6
       4
       4
       4
       5
       2
       4
       4
       6
       5
       5
       4
       5
       4
       5
       2
       4
       8
       2
       4
       3
       2
       7
       4
       2
       4
       4
       2
       7
       7
       6
       7
       4
       7
       4
       4
       4
       4
       2
       5
       1
       2
       2
       3
       3
       2
       4
       5
       2
       6
       4
       3
       5
       3
       2
       3
       3
       3
       4
       4
       7
       7
       4
       2
       8
       4
       3
       3
       1
       5
       5
       0
       3
       1
       3
       7
       1
       1
       6
       6
       1
       2
       6
       3
       5
       4
       4
       1
       3
       3
       2
       1
       2
       7
       5
       4
       4
       4
       6
       3
       3
       2
       1
       7
       4
       2
       2
       5
       2
       3
       1
       5
       3
       2
       4
       3
       4
       3
       4
       2
       3
       1
       2
       4
       3
       2
       2
       3
       2
       4
       3
       1
       4
       3
       3
       6
       2
       3
       5
       7
       6
       1
       2
       1
       1
       1
       3
       6
       4
       4
       3
       5
       6
       1
       1
       1
       3
       5
       2
       3
       2
       2
       0
       3
       0
       3
       1
       3
       0
       4
       4
       2
       1
       3
       1
       1
       4
       2
       0
       3
       0
       4
       3
       1
       2
       1
       2
       1
       1
       3
       4
       6
       2
       2
       5
       1
       4
       0
       6
       3
       1
       3
       1
       3
       1
       2
       2
       1
       2
       1
       0
       0
       1
       4
       3
       2
       6
       3
       1
       2
       5
       1
       3
       2
       2
       4
       2
       2
       3
       2
       1
       1
       4
       2
       1
       2
       1
       0
       4
       2
       7
       3
       2
       6
       1
       2
       5
       2
       0
       4
       1
       2
       3
       0
       1
       3
       7
       4
       3
       3
       5
       2
       3
       3
       3
       5
       4
       3
       2
       1
       2
       2
       1
       1
       6
       5
       1
       4
       3
       2
       3
       8
       8
       2
       4
       5
       2
       7
       4
       4
       2
       4
       2
       4
       5
       7
       2
       1
       5
       7
       3
       9
       5
       2
       4
       7
       3
       9
       3
       6
       3
       6
       7
       5
       7
       6
       5
       8
       1
       7
       8
       4
       3
       9
       7
       4
       6
       5
       7
       9
       9
       6
       7
       6
       4
       9
       3
       7
       3
       1
       5
       9
       4
      10
       6
       7
      11
       2
       6
       5
       7
       7
       7
      10
       4
       7
       8
       9
       9
       3
       5
       9
       6
       6
       3
      10
       8
       5
       8
       9
      11
       6
       6
       6
       4
       5
       8
       4
       7
       4
       4
       4
       4
       3
       3
       5
       6
       5
       3
       3
       8
       8
       4
       6
       7
       3
       3
       2
       4
       3
       6
       2
       4
       3
       5
       2
       2
       3
       4
       9
       1
       3
       1
       4
       2
       2
       6
       5
       5
       2
       0
       3
       2
       1
       5
       6
       2
       1
       2
       4
       1
       1
       1
       2
       8
       0
       1
       2
       4
       2
       3
       1
       0
       2
       1
       3
       3
       4
       1
       2
       1
       1
       0
       4
       1
       0
       1
       1
       1
       0
       2
       0
       1
       3
       2
       1
       0
       0
       2
       2
       1
       0
       1
       2
       2
       2
       3
       1
       0
       1
       2
       1
       0
       0
       2
       3
       3
       0
       1
       3
       0
       2
       1
       0
       0
       0
       0
       0
       0
       0
       0
       0
       0
       0
       0
       0
       0
       0
       0
       0
       0
       0
       0
       0
       0
       0
       0
       0
       0
       0
       0
       0
       0
       0
       0
       0
       0
$ROI:
2
35 62
361 441
$PRESETS:
None
0
0
$ENER_FIT:
0.000000 0.000000
$MCA_CAL:
3
0.000000E+000 0.000000E+000 0.000000E+000 
$SHAPE_CAL:
3
0.000000E+000 0.000000E+000 0.000000E+000
