$SPEC_ID:
No sample description was entered.
$SPEC_REM:
DET# 1
DETDESC# LAB4C1 Easy-MCA-2k SN 20066403
AP# Maestro Version 7.01
$DATE_MEA:
11/05/2024 16:27:38
$MEAS_TIM:
712 713
$DATA:
0 2047
       0
       0
       0
       0
       0
       0
       0
       0
       0
       0
      40
     110
      77
      63
      75
      89
      85
      75
      75
      83
      92
      94
      55
      94
      82
      73
      90
      67
      87
      79
      82
      78
      83
      87
      81
      90
      83
      73
      89
      92
      80
      77
      91
      92
      78
      89
      91
      92
      87
     105
      87
     114
      81
     107
     106
     101
     103
     101
      99
     109
     113
      84
     114
      96
     105
      91
     102
     111
     123
     113
      98
      98
     112
     124
     109
     125
     101
     132
     104
     112
     120
     105
     112
     101
     114
     126
     101
     114
     119
     106
     131
     114
     121
     124
     154
     133
     128
     132
     142
     178
     177
     156
     181
     173
     186
     197
     183
     215
     234
     197
     202
     232
     251
     247
     223
     222
     244
     207
     242
     203
     214
     195
     215
     203
     186
     165
     174
     188
     181
     153
     164
     146
     141
     145
     163
     150
     121
     143
     143
     146
     125
     137
     121
     132
     131
     116
     112
     122
     110
     115
     109
     114
     119
     130
     118
     107
      98
     107
     132
     136
     113
     128
     111
     131
     134
     113
     134
     135
     133
     124
     138
     112
     117
     115
     118
      98
     115
      94
     155
     125
     136
     132
     118
     126
     122
     127
     139
     114
     108
     113
     115
     126
     123
      91
     112
     123
     109
     121
     115
     117
     121
     117
     141
     121
     126
     120
     104
     126
     126
     114
     120
      97
      95
     114
     131
     115
     129
     109
     121
     122
     120
     101
     119
     131
     110
     129
     121
     144
     125
     109
     113
     123
     128
     112
     111
     125
     119
     129
     140
     120
     138
     111
     108
     120
     119
     119
     110
     131
     115
     127
     110
     118
     102
     107
     114
     120
     137
     106
     133
      99
     125
      99
     126
     111
     144
     108
     115
     135
     121
     126
     121
     125
     131
     115
     122
     133
     116
     114
     118
     124
     147
     126
     126
     113
     135
     148
     128
     131
     112
     138
     127
     142
     121
     145
     118
     140
     131
     134
     125
     160
     121
     108
     157
     146
     127
     139
     141
     132
     136
     148
     142
     132
     133
     140
     119
     148
     114
     132
     130
     124
     124
     142
     139
     134
     115
     156
     134
      91
     125
     128
     114
     129
     128
     141
     121
     139
     146
     128
     116
     144
     123
     107
     143
      99
     122
     130
     104
     103
     124
     113
     132
     123
     119
     150
      97
     134
     139
     142
     100
     112
     104
     115
     113
     122
     110
     119
     100
     126
      93
     111
     105
      97
     123
     120
     126
     113
      95
     115
      91
     129
     133
     105
     105
     122
     114
     112
     116
     109
     107
      87
     117
     123
     122
      99
      92
     101
      96
     107
     101
     117
     118
     100
     110
     122
      95
     116
     111
     109
     109
      97
     107
     107
     126
     101
     106
      93
     107
     113
     100
     109
     109
     114
     106
     119
     112
      95
      90
     105
     104
     117
     106
     109
     105
     113
     108
      95
     109
     101
     106
     106
      98
     107
     104
      97
     103
      94
      90
     111
      92
      97
     105
     105
      97
     107
     101
     101
     112
      89
      93
      99
     104
      97
      85
     118
      82
     112
     102
     104
      81
     104
      89
     102
     117
     104
     117
      98
     101
     113
     108
     105
     113
     103
      92
     112
      84
     106
      87
     103
     103
     117
      94
      97
      87
     109
     110
     104
      90
     100
      92
      93
     111
     100
      98
      95
      99
      69
      96
     115
     108
      99
     109
     108
      97
     102
     113
     110
      93
     106
     110
     105
      96
      86
      86
      92
     100
     101
     100
      96
      90
     100
     103
      92
      93
      95
     104
      97
      94
      93
     113
      96
     101
     117
      97
      94
     106
      84
     113
      95
     100
      83
      97
      77
     101
      95
     100
      90
      88
      94
     101
      85
      94
      92
      91
      83
      90
      85
      94
     108
      86
     100
     108
      89
      85
      81
      90
      83
      72
      92
      85
      99
     106
     111
      99
      87
      95
     114
      95
     111
      88
      86
      86
      74
     102
      95
     102
     107
      87
      89
      94
      96
     104
      93
     100
      99
      83
     105
      94
      99
     109
      97
      88
      89
      87
      93
      90
     100
      92
      84
      92
     100
      96
      96
      70
      96
      83
     100
      74
      94
      95
      96
     115
      84
     106
     108
      87
     101
      95
      99
     101
      81
      85
      93
      91
      95
     104
      86
     102
      85
      92
      98
      84
      88
      81
      99
      98
     109
      81
      92
      94
     105
      92
     100
      89
      99
     100
     114
      86
      94
      97
      86
      88
     100
     109
     100
      88
     102
      80
     105
      98
     101
      80
      86
      74
      88
     116
      95
      86
     103
     103
      86
     100
      94
      90
     111
     105
     104
      85
      94
      87
      89
      98
      86
      90
     103
     103
      84
     106
     104
      89
      87
      97
      82
      77
      95
      91
      97
      93
      85
      97
      71
      71
      97
      89
      82
      82
      80
      98
      97
      94
      82
     100
      93
      81
      91
     103
      78
     108
      90
      84
      94
      97
     100
      85
      86
     103
      92
      82
      85
      91
      84
      94
      96
      76
      80
     111
      97
      92
      72
      86
      98
      92
      94
      88
      99
      84
      91
      85
      95
     104
      82
      76
      94
      96
      95
      93
      90
      86
      78
      90
      68
      81
      99
      80
      98
     105
     105
      84
      86
      95
      83
      87
      95
      89
      85
      90
      80
      88
      87
      99
      86
      87
      84
     104
      90
      84
      76
      93
      84
     105
      71
      73
     106
      76
      83
      77
      92
      86
      74
      75
      94
      87
      90
      84
      96
     103
     111
     102
      95
      95
      86
      68
      87
      73
     100
      75
      83
      76
      79
      83
      88
      88
      74
      96
      81
      76
      94
      73
      84
      78
      71
      86
      91
      90
      99
      89
      92
      88
      93
      82
      80
      82
      89
      84
      88
      87
      70
      81
      79
      95
      93
      80
      74
      83
      82
      80
      65
      80
      70
      86
      83
      84
      75
      92
      87
      82
      73
      82
      95
      69
      98
      62
      78
      72
      71
      68
      74
      87
      69
      92
      72
     104
      80
      80
      94
     103
      82
      82
      98
      90
      89
      64
      86
      85
      77
      75
      74
      87
      94
      76
      88
      86
      72
      80
      77
      76
      74
      75
      73
      81
      71
      71
      70
      73
      66
      83
      74
      83
      80
      75
      91
      94
      75
      91
      90
      75
      87
      77
      79
      84
      90
      95
      86
      68
      80
      79
      90
      84
      91
      72
      84
      79
      84
      64
      77
      80
      85
      90
      79
      75
      88
      68
      89
      84
      67
      82
      73
      80
      80
      82
      78
      69
      84
      73
      81
      68
      77
      91
      84
      74
      75
      83
      84
      85
      79
      75
      87
      71
      88
      72
      79
      84
      68
      76
      80
      78
      82
      72
      75
     105
      77
      75
      85
      88
      79
      74
      82
      71
      71
      85
      74
      88
      80
      73
      85
      78
      98
      74
      82
      68
      64
      73
      72
      77
      75
      96
      83
      99
      85
     100
      88
      99
      98
      95
      79
      94
      86
      92
      82
      66
      84
      66
      80
      89
      85
      92
     105
      87
      77
      85
      92
      79
      86
      77
      91
      88
      95
      89
      79
      95
      80
      81
      71
      86
      85
     101
      95
      87
     100
      86
      90
      97
      73
      93
      87
      95
      88
      76
      84
      73
      91
      86
      87
      87
      81
      77
      72
      77
      83
      81
      98
      96
      87
      83
      80
      68
      92
      67
      87
      95
      79
      94
      88
      85
      98
      91
      73
      94
     101
      76
      83
      89
      86
      81
      75
      87
      92
      78
      91
      79
      96
      70
      92
      84
      74
      70
      86
      85
      79
      49
      84
      80
      82
      68
      93
      80
      90
      84
      87
      81
      73
      80
      81
      85
      97
      92
      71
      69
      92
      78
      95
      90
      80
      97
      74
     107
      86
      71
      84
      89
      87
      92
      84
      85
      80
      81
      78
      83
      85
      76
      94
      92
      86
      87
      75
      99
      75
      92
      68
      83
      79
      89
      94
      84
      70
      76
      76
      90
      80
      80
      66
      72
      64
      67
      72
      71
      74
      80
      89
      78
      82
      70
      90
      90
      78
      79
      76
      70
      63
      70
      75
      73
      82
      90
      87
      82
      54
      77
      49
      59
      86
      71
      77
      59
      73
      59
      71
      60
      73
      50
      76
      82
      64
      68
      51
      67
      84
      57
      56
      74
      63
      60
      60
      65
      66
      56
      43
      61
      55
      55
      58
      65
      55
      70
      71
      69
      65
      49
      70
      45
      76
      58
      64
      53
      62
      63
      65
      63
      61
      52
      56
      59
      60
      49
      54
      54
      51
      68
      49
      66
      64
      65
      50
      60
      55
      58
      64
      55
      48
      48
      59
      49
      75
      63
      54
      59
      65
      66
      53
      42
      44
      54
      45
      50
      52
      54
      66
      58
      52
      51
      53
      50
      51
      49
      57
      53
      58
      47
      57
      66
      58
      42
      62
      58
      49
      64
      45
      47
      61
      46
      42
      47
      52
      49
      51
      53
      42
      46
      44
      42
      48
      57
      58
      51
      49
      46
      40
      47
      56
      49
      41
      55
      45
      55
      51
      39
      57
      53
      64
      40
      45
      43
      59
      47
      43
      46
      52
      58
      42
      45
      50
      57
      53
      55
      49
      37
      48
      43
      44
      51
      44
      51
      39
      55
      56
      47
      46
      55
      42
      47
      52
      38
      44
      44
      44
      40
      51
      40
      47
      40
      49
      53
      46
      46
      50
      43
      47
      55
      46
      55
      48
      51
      57
      35
      52
      47
      46
      51
      61
      44
      63
      53
      56
      54
      57
      62
      58
      43
      56
      47
      49
      75
      56
      74
      65
      63
      64
      82
      82
      54
      65
      68
      69
      78
      68
      82
      97
      79
      68
      83
      82
      91
      85
      85
      96
      87
     112
      88
      88
     110
     104
     132
     117
     107
     106
     129
     133
     116
     134
     116
     136
     117
     148
     137
     132
     156
     127
     148
     146
     129
     134
     130
     173
     165
     159
     168
     160
     159
     171
     173
     155
     176
     191
     139
     167
     159
     185
     157
     184
     189
     183
     186
     185
     184
     184
     160
     179
     187
     177
     154
     176
     149
     158
     155
     143
     159
     159
     160
     154
     160
     163
     184
     156
     159
     143
     163
     153
     158
     138
     156
     147
     136
     135
     125
     132
     120
     116
     119
     120
     115
     124
      91
     106
      94
      94
      81
      98
      93
      89
      90
      83
      82
      90
      91
      69
      74
      64
      69
      75
      66
      65
      67
      69
      67
      70
      57
      50
      67
      56
      55
      47
      40
      37
      48
      46
      41
      42
      50
      29
      44
      41
      48
      30
      34
      36
      26
      26
      17
      34
      33
      30
      30
      35
      22
      23
      26
      22
      28
      28
      33
      16
      24
      16
      22
      21
      25
      23
      22
      23
      18
      15
      31
      26
      30
      26
      23
      33
      24
      29
      32
      28
      33
      39
      35
      33
      38
      35
      19
      38
      28
      44
      31
      59
      36
      43
      35
      53
      52
      37
      51
      47
      58
      44
      57
      56
      69
      59
      68
      60
      62
      60
      77
      61
      65
      56
      70
      58
      86
      72
      72
      91
      92
      87
      97
     102
      91
      86
      80
     109
      96
     106
     110
      85
     118
     116
     104
     130
     101
     108
     117
     129
     113
     128
     116
     109
     136
     122
     116
     124
     127
     139
     122
     136
     136
     140
     159
     137
     121
     144
     149
     137
     133
     124
     148
     130
     132
     131
     127
     149
     123
     124
     128
     139
     115
     117
     140
     113
     125
     106
     139
     122
     120
     128
     111
     118
     114
     122
     122
     120
     103
      96
      98
      99
     110
     110
      92
      99
     109
      98
      75
     104
      91
      82
      65
      82
      72
      71
      77
      72
      92
      54
      70
      68
      60
      54
      60
      62
      48
      53
      46
      46
      60
      54
      46
      44
      48
      38
      39
      37
      46
      28
      51
      26
      48
      24
      35
      26
      34
      30
      27
      25
      23
      31
      20
      26
      18
      15
      16
      21
      19
      20
      18
      12
      12
      13
      15
      14
      20
      11
      11
      15
      15
      12
      10
       6
       9
       9
       8
      12
       9
       9
      11
      11
      13
       7
      12
       7
       9
       8
       5
       2
       6
      14
       5
       9
       4
       4
       4
       7
       5
       3
       6
      10
       8
       4
       5
       2
       6
       8
       5
       4
       7
       4
       6
       6
       4
       4
       4
       3
       9
       8
       4
       2
       9
       5
       6
       7
       4
       4
       2
       5
       2
       3
       6
       5
       5
       5
       4
       8
       3
       6
       4
       3
       9
       5
       3
       3
       2
       4
       6
       4
       6
       7
       6
       6
       5
       1
       4
       5
       4
       1
       2
       3
       1
       2
       4
       5
       4
       3
       3
       3
       4
       5
       1
       6
       7
       7
       5
       4
       4
       4
       4
       4
       4
       2
       6
       4
       2
       2
       5
       3
       1
       3
       6
       1
       5
       5
       3
       4
       2
       4
       1
       4
       3
       3
       0
       2
       2
       4
       3
       2
       3
       2
       2
       3
       2
       3
       1
       2
       3
       0
       2
       1
       5
       1
       2
       1
       3
       0
       0
       2
       4
       2
       2
       0
       3
       0
       5
       3
       3
       4
       4
       1
       4
       2
       2
       3
       2
       2
       1
       1
       2
       1
       1
       3
       2
       1
       0
       2
       5
       1
       2
       1
       4
       3
       0
       1
       5
       3
       1
       1
       0
       2
       3
       4
       1
       1
       0
       0
       0
       0
       0
       0
       0
       0
       0
       0
       0
       0
       0
       0
       0
       0
       0
       0
       0
       0
       0
       0
       0
       0
       0
       0
       0
       0
       0
       0
       0
       0
$ROI:
1
1430 1588
$PRESETS:
None
0
0
$ENER_FIT:
0.000000 0.000000
$MCA_CAL:
3
0.000000E+000 0.000000E+000 0.000000E+000 
$SHAPE_CAL:
3
0.000000E+000 0.000000E+000 0.000000E+000
