$SPEC_ID:
No sample description was entered.
$SPEC_REM:
DET# 1
DETDESC# LAB4C1 Easy-MCA-2k SN 20066403
AP# Maestro Version 7.01
$DATE_MEA:
11/06/2024 09:32:26
$MEAS_TIM:
450 450
$DATA:
0 2047
       0
       0
       0
       0
       0
       0
       0
       0
       0
       0
       5
      11
       6
       4
      14
      11
      10
       4
       3
       7
      12
      10
       9
       9
      14
       8
       6
      20
      15
      10
       9
      13
      15
      11
      17
      13
      22
      13
      12
      11
      16
      14
      10
      12
      10
      12
      10
      17
      13
      13
      12
      12
       7
      14
      16
      19
      12
      12
      23
      18
      15
      19
      13
      20
      20
      13
      18
      22
      20
      17
      21
      13
      19
      17
      12
      18
      17
      22
      22
      23
      19
      26
      18
      29
      21
      22
      21
      19
      28
      26
      25
      26
      21
      27
      35
      33
      27
      25
      30
      27
      31
      36
      44
      48
      42
      41
      38
      43
      46
      61
      59
      50
      71
      55
      47
      52
      44
      68
      40
      54
      47
      46
      49
      37
      42
      23
      33
      50
      46
      45
      41
      43
      29
      34
      37
      52
      40
      40
      24
      28
      30
      31
      28
      30
      41
      28
      34
      31
      33
      30
      34
      36
      23
      27
      32
      37
      36
      24
      28
      30
      30
      39
      36
      34
      29
      36
      25
      16
      34
      26
      25
      29
      25
      23
      18
      25
      35
      29
      27
      35
      36
      29
      29
      32
      38
      29
      28
      19
      27
      28
      24
      31
      28
      16
      25
      25
      31
      36
      23
      32
      25
      24
      34
      28
      25
      29
      21
      20
      27
      30
      24
      32
      18
      20
      27
      26
      22
      22
      29
      27
      27
      21
      19
      19
      17
      24
      25
      24
      26
      21
      30
      22
      22
      27
      22
      19
      20
      22
      13
      29
      23
      27
      22
      23
      25
      24
      27
      20
      29
      19
      24
      27
      20
      27
      22
      21
      26
      32
      12
      22
      16
      28
      17
      22
      23
      19
      19
      29
      16
      18
      15
      19
      21
      24
      13
      22
      18
      16
      28
      14
      20
      19
      19
      22
      20
      24
      20
      20
      23
      14
      22
      19
      20
      20
      22
      25
      22
      20
      22
      22
      17
      17
      21
      17
      22
      13
      23
      16
      14
      20
      13
      23
      20
      11
      19
      19
      25
      19
      20
      12
       9
      14
      26
      19
      14
      24
      15
      14
       9
      18
      14
      20
      14
      18
      17
      13
      14
      23
      14
      15
      20
      22
      17
      16
      24
      15
      14
      15
      14
      12
      24
      14
      12
      15
      13
      20
      10
      14
       9
      19
      20
      17
      14
      21
      13
      15
      14
      16
      15
      15
       8
      13
      11
      16
      14
      13
      14
      14
      16
      11
      16
      16
      15
       9
      11
      14
      15
      18
      21
      12
      13
      12
      15
      11
      11
      13
      10
      12
      12
      13
      14
      16
      12
       9
      15
       7
      19
      16
       8
      17
       9
      12
      17
      17
      16
       7
      16
      12
      10
      14
       9
      13
      13
      12
      11
      15
      12
      16
      16
       8
       8
      14
      13
      17
      14
       8
       8
      15
       7
      13
      12
       9
      10
       8
       4
      14
      10
      13
      10
       8
      12
      10
       8
       8
       8
      17
      13
      14
      15
       7
       9
      12
      20
      14
      11
      14
       7
      12
       4
      14
      10
      13
      13
      18
      13
      16
      10
      11
      10
       6
      11
      14
      14
      18
      13
      10
      12
      10
      14
      22
      12
      14
      10
      12
       8
      12
      13
       8
       8
       8
      14
      14
       7
      10
       9
      11
       6
       6
      14
      13
       9
       9
       9
      11
      11
      11
      15
       7
      11
      10
      10
       8
      10
      10
       5
       4
       6
      11
      11
       9
       9
       7
      10
      15
       7
      11
       9
      10
       4
      10
      11
      11
      10
      11
      14
      11
       9
       8
       9
       9
       8
       8
      16
      13
       6
       9
       7
      11
      11
       7
       4
       5
       8
       5
       7
      14
      10
      13
       7
       8
       2
      10
       7
      10
      12
       5
       6
       9
       7
       5
      11
       8
      10
      12
       9
       8
       9
       8
      17
       7
       9
       9
      13
       8
      11
      11
      12
       8
       6
       5
       7
       8
      15
      11
       8
       9
       6
       8
      11
       8
       9
       6
       6
       5
      11
       9
       4
       9
       9
       6
       5
       8
      11
       6
       9
      15
      10
       6
      11
       9
       7
       9
       8
      10
       8
       5
       7
       7
       4
       7
      11
       3
      11
       9
       5
      11
       6
       9
       9
       4
      10
       7
       9
      12
       4
       9
       7
       3
       3
       8
       9
       9
       5
       4
       9
       5
       8
       4
       7
       2
       8
       2
       6
       6
       5
       7
      11
       9
       7
      13
       7
       8
       2
       8
       7
       6
       9
       5
       6
      14
       8
       8
       5
       6
       7
      12
       5
       8
      10
       6
       5
       6
       6
      11
       9
       5
       7
       6
      10
       6
       8
      10
       3
       5
       9
       7
      10
       4
       7
       3
      10
       5
      11
       5
       9
       9
       7
       4
       3
       5
       5
       5
       6
       3
       5
       4
       5
       5
       2
       4
       8
       7
       4
       5
       5
       9
       6
       3
       7
       6
       3
       7
      10
       3
       7
       5
       7
       2
       2
       8
       5
       5
       7
       1
       7
       6
       6
       4
       4
       5
       7
       6
       7
       7
       5
       5
       1
      10
       5
      12
       5
      11
      11
       6
       6
       1
      11
       8
       7
       7
       3
       8
       6
       3
       6
       6
       7
       8
      10
       9
       4
       7
       5
       2
       6
       2
       8
       4
       8
       5
       6
       7
       4
       5
       6
       8
       7
       8
      11
       7
       7
       5
       5
       9
       4
       8
       7
       7
      11
       7
       8
       5
       8
       2
       7
      12
      12
      11
      12
      11
      12
       9
       8
      17
      13
      13
      17
      18
      18
      17
      21
      14
      12
      13
      16
      21
      15
      18
      16
      16
      12
      12
      22
      15
      12
      16
      22
      19
      23
      16
      20
      21
      19
      18
      21
      19
      22
      24
      26
      20
      23
      18
      24
      34
      24
      30
      24
      28
      22
      14
      28
      21
      27
      24
      22
      24
      21
      31
      33
      26
      16
      18
      32
      24
      12
      22
      20
      21
      12
      22
      25
      14
      18
      22
      18
      14
      18
      14
      11
      12
      17
       9
      12
      12
       7
       3
      13
       9
       7
      12
      10
       8
       7
       8
       4
       7
       8
       9
       6
       7
       8
       3
       2
       3
       7
       4
       6
       2
       6
       6
       7
       1
       0
       1
       5
       4
       4
       1
       3
       1
       7
       3
       5
       1
       4
       2
       5
       4
       4
       3
       3
       5
       1
       4
       7
       7
       6
       3
       5
       6
       6
       3
       5
       4
       1
       1
       1
       4
       6
       1
       4
       5
       0
       2
       4
       3
       1
       4
       6
       3
       3
       3
       1
       3
      10
       3
       2
       4
       2
       0
       5
       4
       3
       4
       6
       2
       1
       2
       6
       4
       1
       2
       0
       4
       2
       2
       3
       6
       2
       5
       4
       2
       2
       1
       0
       4
       4
       2
       1
       3
       3
       2
       0
       4
       5
       4
       4
       3
       2
       5
       3
       4
       5
       2
       3
       2
       0
       2
       2
       2
       3
       2
       3
       3
       3
       5
       2
       1
       5
       6
       3
       3
       6
       3
       1
       3
       2
       2
       2
       4
       1
       1
       1
       2
       4
       2
       3
       3
       3
       1
       0
       4
       3
       4
       2
       5
       2
       4
       1
       3
       2
       2
       2
       3
       2
       4
       2
       1
       3
       2
       2
       2
       2
       2
       2
       2
       3
       5
       3
       3
       2
       0
       3
       1
       2
       3
       4
       1
       3
       3
       2
       6
       3
       2
       2
       2
       1
       1
       0
       3
       3
       0
       2
       2
       1
       5
       3
       2
       1
       2
       1
       0
       4
       1
       1
       6
       1
       3
       1
       2
       1
       1
       1
       3
       3
       3
       1
       3
       4
       1
       5
       2
       1
       4
       1
       1
       2
       3
       0
       1
       3
       3
       4
       6
       1
       0
       3
       6
       5
       3
       3
       2
       3
       2
       2
       2
       2
       4
       1
       2
       1
       2
       1
       3
       4
       3
       2
       4
       0
       4
       1
       3
       2
       1
       3
       1
       1
       1
       3
       0
       6
       2
       2
       2
       3
       3
       1
       3
       1
       4
       5
       1
       1
       3
       1
       2
       2
       5
       2
       1
       2
       1
       6
       3
       3
       5
       3
       2
       1
       1
       2
       0
       4
       3
       1
       2
       1
       1
       0
       4
       2
       2
       3
       3
       1
       3
       3
       0
       2
       4
       0
       5
       2
       1
       1
       2
       1
       3
       1
       2
       2
       2
       4
       1
       1
       2
       3
       2
       1
       1
       1
       2
       3
       4
       2
       1
       3
       1
       3
       2
       0
       3
       0
       3
       0
       1
       2
       3
       2
       3
       2
       3
       3
       4
       6
       6
       2
       1
       0
       3
       1
       2
       1
       1
       0
       2
       2
       4
       4
       1
       3
       2
       3
       2
       3
       2
       1
       0
       3
       1
       3
       2
       2
       2
       2
       2
       2
       4
       2
       2
       0
       3
       0
       3
       1
       0
       4
       1
       1
       2
       3
       3
       2
       2
       2
       4
       2
       4
       2
       1
       1
       1
       2
       0
       0
       1
       1
       1
       2
       2
       0
       2
       2
       1
       2
       2
       1
       0
       5
       1
       0
       0
       2
       0
       3
       0
       3
       1
       1
       1
       4
       2
       3
       4
       3
       2
       0
       3
       1
       4
       2
       2
       2
       3
       2
       3
       1
       1
       4
       1
       1
       7
       0
       1
       3
       2
       0
       2
       0
       1
       4
       1
       0
       1
       0
       2
       4
       1
       3
       1
       0
       3
       1
       1
       1
       1
       2
       3
       0
       4
       1
       4
       0
       1
       1
       1
       0
       3
       2
       5
       2
       2
       0
       1
       2
       1
       1
       1
       1
       2
       1
       2
       3
       2
       1
       2
       3
       0
       2
       2
       1
       4
       2
       2
       1
       2
       4
       1
       4
       1
       1
       0
       3
       4
       1
       0
       1
       3
       0
       0
       2
       1
       1
       4
       1
       2
       1
       1
       4
       2
       3
       4
       3
       0
       1
       1
       0
       2
       0
       2
       5
       1
       1
       3
       2
       1
       2
       0
       1
       1
       2
       0
       0
       1
       2
       1
       4
       4
       2
       1
       1
       3
       3
       2
       2
       0
       2
       5
       2
       1
       2
       3
       1
       1
       1
       1
       1
       0
       0
       2
       0
       1
       3
       0
       1
       1
       0
       1
       3
       2
       2
       2
       0
       2
       1
       0
       3
       0
       0
       0
       1
       1
       0
       1
       1
       3
       1
       0
       2
       3
       1
       3
       3
       2
       1
       2
       1
       2
       1
       2
       3
       1
       0
       4
       2
       1
       3
       2
       2
       4
       0
       3
       0
       0
       1
       0
       3
       1
       1
       1
       1
       1
       1
       1
       0
       2
       3
       0
       1
       3
       1
       0
       0
       0
       1
       2
       1
       1
       1
       1
       1
       2
       0
       3
       1
       2
       1
       1
       2
       0
       0
       4
       1
       2
       2
       2
       1
       0
       0
       1
       1
       0
       0
       1
       0
       1
       2
       1
       0
       1
       3
       0
       0
       1
       1
       0
       3
       1
       3
       1
       1
       3
       1
       1
       1
       1
       0
       0
       1
       1
       1
       1
       0
       0
       4
       0
       1
       0
       2
       2
       1
       1
       0
       3
       0
       0
       1
       0
       0
       1
       0
       2
       0
       2
       2
       1
       1
       1
       0
       2
       1
       1
       0
       0
       1
       0
       0
       1
       0
       0
       0
       3
       2
       5
       1
       0
       0
       0
       2
       1
       1
       1
       0
       2
       2
       0
       2
       0
       5
       0
       1
       1
       0
       1
       1
       0
       0
       4
       0
       0
       1
       2
       3
       0
       0
       0
       0
       1
       0
       1
       1
       3
       0
       1
       0
       1
       1
       1
       4
       1
       2
       2
       1
       0
       1
       1
       1
       1
       0
       0
       1
       1
       2
       0
       0
       2
       2
       0
       1
       1
       0
       2
       1
       2
       3
       1
       0
       1
       0
       1
       1
       0
       2
       0
       2
       3
       1
       0
       0
       1
       2
       2
       3
       2
       1
       1
       3
       2
       4
       0
       1
       2
       1
       1
       3
       2
       0
       3
       3
       3
       3
       3
       5
       1
       3
       2
       2
       1
       0
       1
       1
       3
       1
       0
       1
       3
       0
       2
       2
       3
       0
       3
       3
       3
       2
       3
       3
       4
       1
       5
       5
       0
       3
       3
       3
       1
       2
       0
       1
       5
       1
       5
       3
       0
       5
       1
       4
       0
       1
       5
       1
       2
       2
       3
       2
       2
       6
       1
       0
       1
       4
       2
       3
       1
       1
       7
       6
       2
       3
       2
       4
       0
       3
       3
       0
       3
       2
       3
       4
       1
       5
       2
       1
       2
       4
       1
       1
       0
       2
       2
       3
       1
       1
       2
       2
       2
       2
       2
       3
       1
       0
       1
       1
       1
       3
       0
       1
       2
       2
       1
       0
       2
       2
       2
       0
       2
       1
       1
       0
       3
       1
       0
       0
       3
       1
       0
       0
       0
       1
       1
       2
       0
       0
       0
       0
       1
       2
       0
       1
       2
       0
       0
       0
       0
       0
       1
       0
       2
       0
       0
       2
       0
       0
       0
       2
       2
       0
       1
       1
       0
       0
       0
       1
       0
       0
       2
       1
       2
       0
       0
       0
       0
       1
       0
       0
       0
       0
       0
       0
       0
       0
       0
       0
       0
       0
       0
       0
       0
       0
       0
       0
       0
       0
       0
       0
       0
       0
       0
       0
       0
       0
       0
       0
       0
       0
       0
       0
       0
$ROI:
1
833 940
$PRESETS:
Live Time
450
0
$ENER_FIT:
0.000000 0.000000
$MCA_CAL:
3
0.000000E+000 0.000000E+000 0.000000E+000 
$SHAPE_CAL:
3
0.000000E+000 0.000000E+000 0.000000E+000
