$SPEC_ID:
No sample description was entered.
$SPEC_REM:
DET# 1
DETDESC# LAB4C1 Easy-MCA-2k SN 20066403
AP# Maestro Version 7.01
$DATE_MEA:
11/06/2024 10:08:29
$MEAS_TIM:
450 450
$DATA:
0 2047
       0
       0
       0
       0
       0
       0
       0
       0
       0
       0
      12
      13
      12
       8
      14
       6
      10
      16
      10
      16
       9
      16
       9
       8
      11
      12
      11
      13
       8
      13
      12
      14
       5
      14
       9
       8
      12
      15
      15
      11
      13
      12
      19
      19
      16
      16
      18
      11
      21
      21
      18
       8
      11
      14
       8
      21
      24
      12
      20
      19
      13
      21
      19
      13
      15
      20
      22
      23
      20
      22
      18
      14
      21
      19
      14
      26
      28
      19
      31
      25
      16
      14
      12
      36
      26
      24
      29
      31
      20
      31
      36
      29
      28
      30
      30
      29
      32
      37
      37
      43
      32
      44
      41
      47
      52
      46
      47
      46
      66
      51
      50
      54
      56
      52
      37
      48
      51
      62
      66
      55
      50
      43
      30
      45
      43
      42
      48
      42
      53
      41
      32
      42
      41
      43
      35
      29
      43
      46
      26
      29
      40
      39
      39
      32
      27
      40
      23
      47
      42
      33
      28
      31
      23
      24
      40
      36
      26
      39
      37
      40
      28
      32
      29
      23
      27
      38
      36
      23
      29
      27
      28
      33
      29
      35
      29
      26
      34
      28
      34
      41
      32
      43
      40
      24
      25
      24
      35
      38
      29
      31
      37
      21
      35
      33
      28
      28
      29
      23
      31
      26
      27
      18
      24
      28
      29
      27
      18
      29
      30
      20
      31
      28
      34
      15
      23
      30
      27
      26
      18
      23
      21
      27
      28
      21
      21
      22
      23
      25
      28
      24
      26
      21
      23
      18
      24
      23
      27
      23
      27
      32
      19
      33
      21
      26
      27
      18
      26
      26
      26
      27
      22
      30
      30
      22
      20
      22
      22
      29
      29
      26
      27
      32
      22
      15
      24
      29
      25
      19
      27
      19
      26
      15
      19
      19
      19
      23
      23
      29
      23
      20
      15
      19
      24
      20
      22
      21
      21
      20
      19
       9
      25
      28
      17
      20
      27
      19
      21
      15
      23
      21
      13
      11
      22
      22
      23
      25
      22
      14
      24
      20
      25
      14
      14
      20
      17
      16
      27
      19
      16
      20
      15
      15
      27
      21
      17
      22
      16
      25
      25
      24
      25
      22
      19
      11
      23
      15
      12
      14
      24
      26
      17
      19
      24
      12
      23
      22
      18
      15
      16
      19
      16
      18
      20
      18
      22
      15
      26
      18
      17
      10
      22
      20
       6
      17
      18
      15
      12
      16
      15
      14
      23
      18
      18
      16
      12
      12
      14
      23
      10
      20
      21
      14
      21
      12
      15
       7
      21
      11
      15
      21
      16
      17
      10
      14
      17
       7
      11
      12
      14
      22
      18
      18
      12
      17
      19
      19
      13
      15
      25
      18
      13
      12
      10
      20
      18
      18
      16
      20
      14
       5
      14
      10
      12
      20
      10
      14
      12
      17
      12
      11
      15
      12
      18
       9
      17
       9
      18
      19
      10
      18
      12
      10
      13
      14
      16
      14
       8
      15
      15
      11
      15
      13
      15
      12
      16
      12
       8
      17
       8
       9
      13
      11
      18
      19
      12
      12
      18
      17
      14
      21
      13
      10
       8
      11
      17
      13
      15
      21
      11
      12
      10
      14
      17
      10
      13
      18
       5
      11
      15
      12
      18
      11
      15
      13
       6
       5
       7
      15
       9
       2
      15
      18
      11
      12
      13
      10
      11
      12
      14
      10
      11
      11
      13
      12
      12
      12
       6
      14
       9
       8
      13
       7
      15
       9
      17
      14
      11
      14
      14
      12
      13
      17
      11
      12
      17
      12
      13
      17
       7
       8
       5
      10
       7
      10
      12
      13
       8
      13
       8
      13
       7
      11
       9
      18
      10
       8
      12
       9
       9
       8
      11
      12
      15
      12
      11
      12
      11
       8
      11
      14
       9
      12
      14
      11
       7
       6
      10
       9
       7
      12
      10
       9
       7
       6
      13
       9
      12
      10
      10
      10
      11
      12
      12
      12
      11
       9
      12
       9
       6
       6
       9
       9
      10
       7
       9
      18
       9
       9
      10
      11
      14
       6
      10
      12
      12
       3
      17
       7
      10
      13
       7
      10
       6
      11
      10
       8
       7
      13
       8
      12
       8
      11
       8
       3
       9
      13
       5
      10
      14
       7
       7
       7
      10
      10
       7
       5
      14
      10
       7
       9
       6
       9
      10
      10
       7
       5
      11
       9
       6
       9
      10
      13
       7
       2
       5
       4
       4
       6
       9
       6
       8
      13
       4
       6
       7
       3
      10
      13
       6
       6
      10
      14
       5
       7
       7
      12
      14
       7
      10
       6
       9
      13
       9
       7
       8
       9
       5
       6
      10
       8
       7
       9
       5
       4
       4
       4
      10
       9
       9
       6
       6
       6
       8
       7
       6
       3
       6
       8
       8
       6
       3
       5
       8
       6
       8
       6
       9
       6
       8
      10
      11
       9
       6
       6
       6
      10
       8
       2
       4
      10
       8
       5
       5
       5
      13
       3
       9
       6
       6
       6
       3
       8
       9
       6
       4
       4
       4
       8
       4
       4
      13
       4
       1
       6
      10
       5
       6
       5
       6
       5
       9
       3
       5
       4
       6
       6
       6
       7
       9
       8
       7
       7
       7
       7
       8
       6
       5
      11
       8
       4
      10
       8
       8
       4
      11
       5
       5
      14
       3
       5
       9
       3
      10
       3
       5
       7
       5
       8
       9
      10
       9
       6
       5
       4
       7
      10
      10
      10
      12
      12
       8
      10
      13
      11
       6
       8
      11
       9
       8
      11
      14
      14
      13
      12
      15
      12
       7
      21
      15
      21
      12
      22
      17
      19
      14
      17
       9
      20
      20
      13
      22
      17
      22
      23
      15
      31
      33
      26
      27
      21
      27
      30
      31
      30
      33
      33
      43
      26
      36
      40
      44
      39
      46
      31
      40
      56
      28
      43
      46
      39
      38
      48
      36
      49
      48
      33
      49
      44
      42
      52
      31
      43
      49
      30
      32
      47
      35
      26
      40
      33
      38
      35
      38
      34
      33
      39
      32
      26
      30
      33
      17
      34
      30
      14
      23
      16
      22
      27
      22
      19
      18
      26
      16
      14
      18
      16
      16
      13
      19
      13
       8
       9
      13
       7
      11
       8
      14
      12
       8
       6
       9
      11
       4
       8
       7
       5
       3
       5
       2
       4
       3
       4
       6
       5
       5
       5
       4
       1
       4
       4
       2
       4
       3
       4
       4
       5
       5
       5
       1
       4
       2
       4
       2
       2
       1
       4
       7
       8
       6
       4
       3
       3
       5
       4
       1
       6
       5
       2
       4
       5
       2
       1
       3
       3
       3
       9
       5
       2
       2
       3
       4
       2
       1
       1
       4
       4
       6
       4
       3
       4
       8
       2
       2
       1
       1
       4
       2
       5
       4
       2
       2
       0
       0
       4
       1
       1
       5
       1
       2
       6
       5
       1
       5
       3
       0
       4
       1
       0
       3
       2
       3
       1
       5
       0
       3
       2
       0
       0
       1
       7
       3
       2
       4
       3
       4
       4
       1
       4
       4
       2
       4
       2
       5
       1
       4
       3
       3
       2
       4
       3
       3
       2
       1
       2
       1
       1
       5
       6
       3
       3
       2
       2
       3
       6
       4
       2
       0
       2
       4
       3
       1
       3
       6
       1
       2
       1
       1
       3
       1
       2
       5
       2
       2
      10
       2
       0
       4
       0
       5
       3
       2
       3
       4
       0
       2
       4
       4
       5
       1
       4
       3
       2
       2
       4
       2
       1
       3
       2
       0
       2
       4
       6
       3
       0
       1
       2
       1
       1
       4
       5
       3
       3
       1
       1
       1
       1
       0
       2
       0
       2
       1
       2
       2
       2
       3
       1
       2
       3
       2
       3
       0
       1
       2
       1
       6
       3
       1
       3
       4
       6
       2
       2
       2
       1
       3
       1
       1
       2
       3
       2
       1
       2
       1
       2
       2
       5
       0
       1
       4
       4
       3
       4
       2
       2
       3
       2
       3
       2
       3
       3
       4
       3
       3
       1
       1
       3
       1
       3
       5
       6
       3
       0
       4
       2
       4
       2
       2
       0
       3
       2
       5
       3
       4
       5
       2
       3
       3
       3
       3
       1
       6
       2
       2
       3
       2
       0
       2
       4
       4
       2
       1
       2
       1
       4
       3
       3
       1
       0
       2
       6
       0
       5
       8
       1
       2
       3
       1
       1
       0
       2
       0
       1
       4
       1
       2
       3
       1
       2
       1
       2
       1
       3
       1
       3
       4
       2
       3
       1
       2
       1
       0
       1
       2
       2
       1
       2
       0
       6
       2
       5
       2
       3
       2
       3
       5
       0
       0
       3
       3
       0
       2
       0
       1
       1
       0
       0
       3
       2
       1
       2
       4
       5
       1
       0
       4
       0
       2
       2
       3
       3
       2
       2
       1
       1
       2
       0
       0
       2
       0
       1
       0
       1
       1
       0
       1
       3
       0
       3
       2
       1
       0
       2
       1
       3
       3
       1
       0
       2
       0
       0
       2
       0
       5
       4
       2
       1
       2
       3
       1
       1
       1
       0
       2
       1
       3
       2
       3
       2
       2
       3
       3
       3
       1
       3
       1
       4
       2
       3
       4
       1
       1
       2
       0
       3
       1
       0
       3
       2
       4
       1
       0
       2
       2
       3
       0
       0
       1
       1
       0
       1
       2
       1
       0
       2
       2
       2
       0
       3
       1
       3
       2
       4
       0
       0
       2
       2
       0
       0
       0
       1
       2
       3
       3
       1
       3
       1
       0
       1
       1
       5
       4
       4
       3
       0
       1
       1
       4
       0
       1
       4
       2
       2
       1
       1
       3
       0
       4
       1
       2
       0
       3
       0
       1
       1
       3
       4
       1
       3
       2
       4
       1
       4
       0
       4
       2
       2
       6
       2
       8
       5
       2
       0
       2
       1
       1
       2
       1
       1
       0
       2
       2
       1
       3
       1
       2
       5
       3
       4
       8
       1
       0
       0
       3
       2
       3
       3
       0
       1
       0
       0
       4
       0
       3
       3
       3
       3
       3
       6
       2
       0
       2
       1
       1
       2
       2
       3
       3
       0
       2
       2
       0
       2
       4
       1
       1
       1
       1
       1
       3
       0
       2
       1
       2
       0
       1
       2
       1
       3
       0
       1
       3
       1
       3
       0
       0
       2
       0
       3
       1
       2
       2
       1
       2
       0
       3
       1
       2
       1
       2
       1
       1
       5
       3
       1
       0
       0
       2
       3
       3
       1
       3
       1
       2
       0
       1
       3
       2
       4
       1
       1
       1
       1
       2
       0
       0
       2
       2
       1
       0
       1
       1
       3
       2
       0
       0
       1
       0
       2
       1
       2
       0
       0
       4
       4
       2
       2
       1
       1
       1
       0
       1
       0
       0
       1
       0
       0
       3
       4
       1
       0
       0
       0
       3
       2
       1
       0
       2
       1
       2
       0
       0
       1
       0
       0
       2
       0
       0
       2
       2
       0
       0
       2
       0
       1
       2
       0
       0
       0
       3
       0
       2
       2
       2
       2
       0
       1
       2
       1
       1
       2
       1
       0
       0
       2
       0
       1
       1
       0
       0
       0
       0
       1
       1
       0
       2
       0
       1
       3
       1
       1
       2
       0
       1
       0
       1
       0
       1
       0
       2
       1
       1
       2
       0
       2
       0
       0
       2
       1
       1
       1
       1
       1
       0
       0
       0
       3
       0
       0
       1
       1
       2
       0
       0
       0
       0
       0
       2
       6
       2
       1
       0
       1
       1
       1
       1
       0
       0
       3
       1
       4
       0
       2
       0
       1
       2
       1
       2
       0
       0
       0
       2
       1
       0
       2
       2
       0
       1
       2
       0
       2
       0
       2
       1
       0
       2
       1
       1
       1
       0
       1
       2
       2
       1
       1
       0
       3
       3
       0
       0
       0
       1
       1
       1
       0
       0
       2
       0
       0
       0
       1
       3
       0
       1
       2
       1
       1
       4
       1
       1
       1
       0
       3
       3
       0
       0
       0
       0
       1
       0
       0
       1
       1
       2
       0
       2
       0
       0
       1
       0
       1
       2
       1
       2
       1
       2
       0
       1
       0
       5
       2
       0
       3
       1
       1
       1
       2
       2
       1
       0
       3
       0
       1
       1
       1
       0
       4
       3
       2
       0
       4
       1
       1
       1
       2
       1
       2
       4
       2
       0
       5
       4
       0
       1
       1
       5
       2
       1
       1
       2
       0
       7
       1
       2
       4
       0
       1
       3
       7
       1
       4
       2
       2
       5
       3
       1
       5
       8
       3
       1
       2
       3
       2
       2
       3
       6
       1
       5
       3
       4
       0
       2
       1
       1
       1
       2
       2
       6
       5
       3
       3
       2
       2
       7
       4
       0
       3
       4
       2
       4
       2
       2
       4
       3
       2
       3
       3
       1
       1
       0
       4
       0
       3
       1
       1
       1
       4
       1
       0
       2
       2
       1
       2
       1
       2
       0
       1
       0
       2
       5
       2
       1
       4
       1
       2
       1
       0
       1
       0
       2
       2
       1
       1
       0
       0
       2
       0
       0
       1
       0
       0
       2
       0
       1
       0
       1
       2
       0
       0
       0
       3
       1
       1
       0
       1
       3
       2
       2
       1
       1
       1
       1
       0
       1
       0
       1
       1
       1
       3
       0
       1
       1
       4
       1
       0
       0
       0
       1
       3
       1
       0
       2
       2
       1
       1
       1
       1
       1
       1
       0
       3
       2
       0
       0
       0
       0
       2
       0
       0
       0
       0
       0
       0
       0
       0
       0
       0
       0
       0
       0
       0
       0
       0
       0
       0
       0
       0
       0
       0
       0
       0
       0
       0
       0
       0
       0
       0
       0
       0
$ROI:
1
826 943
$PRESETS:
Live Time
450
0
$ENER_FIT:
0.000000 0.000000
$MCA_CAL:
3
0.000000E+000 0.000000E+000 0.000000E+000 
$SHAPE_CAL:
3
0.000000E+000 0.000000E+000 0.000000E+000
