$SPEC_ID:
No sample description was entered.
$SPEC_REM:
DET# 1
DETDESC# LAB4C1 Easy-MCA-2k SN 20066403
AP# Maestro Version 7.01
$DATE_MEA:
11/05/2024 15:22:06
$MEAS_TIM:
450 451
$DATA:
0 2047
       0
       0
       0
       0
       0
       0
       0
       0
       0
       0
      64
     156
     124
     121
     133
      92
     104
      63
      81
      93
     111
     107
      87
      85
      98
      81
      99
      98
     100
      87
      92
      90
     109
     107
     128
     109
     128
     146
     124
     137
     177
     214
     220
     278
     331
     389
     467
     549
     659
     744
     741
     776
     757
     651
     601
     518
     418
     352
     321
     284
     236
     194
     172
     169
     136
     123
     135
     128
     142
     109
     103
     104
     140
     107
     104
     143
     124
     113
     110
     138
     104
     112
      97
     139
     118
     127
     134
     110
     129
     143
     118
     122
     145
     114
     138
     140
     152
     127
     159
     129
     143
     172
     173
     174
     161
     180
     154
     198
     175
     182
     196
     191
     194
     161
     205
     208
     202
     185
     154
     174
     175
     174
     173
     168
     173
     164
     158
     165
     150
     171
     156
     139
     156
     161
     142
     154
     135
     123
     128
     126
     127
     119
     106
     128
     115
     120
     128
     110
     121
     120
     119
     134
     133
     122
     139
     108
     133
     117
     130
     120
     155
     112
     131
     120
     145
     129
     144
     111
     114
     116
     113
     118
     131
     131
     129
     131
     110
     149
     105
     132
     127
     109
     120
     132
     130
     124
     116
     119
     113
     121
     131
     132
     131
     139
     126
     135
     137
     130
     113
     138
     119
     114
     118
     119
     135
     105
     105
     139
     113
     127
     119
     124
     133
     130
     143
     137
     100
     133
      97
     141
     133
     124
     122
     116
     122
     118
     140
     121
      96
     141
     130
     134
     133
      95
     118
     144
     120
     133
     130
     104
     144
     144
     144
     132
     143
     158
     143
     125
     134
     122
     130
     134
     135
     125
     133
     154
     154
     127
     177
     152
     158
     132
     151
     177
     147
     137
     144
     159
     150
     137
     140
     135
     148
     148
     155
     171
     128
     149
     159
     145
     151
     149
     135
     152
     147
     134
     141
     132
     132
     111
     153
     165
     140
     129
     136
     146
     125
     142
     164
     133
     114
     139
     124
     136
     122
     122
     115
     130
     130
     126
     138
     157
     110
     131
     126
     120
     130
     127
     118
     123
     125
     120
     126
     125
     115
     132
     125
     119
     119
     112
     113
     129
     110
     125
     116
     128
     111
     107
     117
     135
     129
     122
      97
     136
     127
     101
     128
     121
     110
     137
     103
     108
     111
      95
     103
     133
     109
     121
     120
     102
     129
     112
     122
     107
     123
     125
     110
     127
     123
     117
     152
     119
     111
     109
     126
     131
     120
     123
     107
     108
     120
     121
     135
     108
     109
     121
     106
     108
     126
     118
     129
     135
     111
     121
     123
     122
     109
     129
     101
     113
     121
     126
     105
     128
     130
     111
     100
     127
     103
     112
     119
     103
     128
     113
     121
     123
     111
     104
     117
     108
     102
     116
     115
     128
     102
     122
     111
     107
     114
     105
     140
     111
     125
      91
     126
     108
     109
     108
     127
     140
     104
      98
     111
     107
     123
     124
     140
     114
     103
     133
     117
     114
     103
     104
     116
     128
     108
     111
     108
     104
     108
     137
     104
     106
     124
     117
     113
     119
     126
     119
     112
     108
     103
     100
     116
     121
     107
     122
     108
      94
     101
     135
     102
     112
     120
     109
     108
     111
     107
     131
     106
     120
     108
     106
     110
     105
     104
     106
     117
     130
     109
     116
     116
     104
      98
      84
     108
      98
     109
     111
     111
     110
     133
     106
     128
     104
      99
     105
     126
     133
      91
     117
     132
     114
      99
     129
     101
     113
      98
     110
     102
     107
     110
     100
     119
     107
      95
     116
     106
     105
     114
     121
     110
     117
     108
      95
     110
     112
     123
     109
     125
     111
     108
     116
     107
     101
     104
     110
     106
     109
     127
     124
     111
     116
      91
     110
     104
     113
     110
     110
     119
     110
     106
     117
     121
      92
     127
      93
     108
     114
     110
     123
     110
     118
      97
     107
     119
      97
     126
      92
     102
     121
     109
     110
     134
     124
     111
     103
      89
     107
     101
     100
      95
     125
     106
     110
     133
      92
     110
     110
     100
      84
      96
      88
      80
      84
      88
      92
      90
      85
      93
      93
      94
      83
      74
      64
     105
      78
      79
      78
      77
      78
      94
      87
      89
      70
      71
      65
      70
      80
      63
      76
      71
      74
      83
      59
      64
      73
      61
      61
      50
      45
      61
      55
      46
      61
      56
      65
      70
      60
      68
      43
      50
      49
      62
      59
      41
      55
      52
      43
      49
      55
      57
      53
      41
      49
      49
      42
      58
      30
      40
      34
      53
      40
      46
      44
      45
      50
      62
      47
      40
      45
      38
      44
      52
      50
      46
      53
      55
      46
      43
      43
      50
      45
      44
      42
      50
      38
      51
      51
      48
      58
      47
      57
      52
      45
      45
      40
      43
      50
      39
      52
      43
      42
      49
      60
      53
      38
      38
      39
      34
      57
      57
      60
      47
      43
      44
      45
      44
      37
      43
      44
      37
      35
      43
      49
      46
      42
      50
      51
      45
      46
      35
      42
      40
      51
      62
      56
      45
      43
      37
      45
      47
      35
      53
      55
      46
      41
      36
      39
      52
      56
      38
      55
      48
      48
      51
      45
      44
      39
      48
      52
      52
      51
      42
      37
      47
      48
      48
      59
      52
      49
      54
      55
      44
      43
      48
      57
      60
      71
      40
      50
      55
      45
      67
      57
      48
      69
      64
      59
      78
      72
      75
      68
      78
     101
      81
     105
     108
     118
     115
     112
     123
     100
     130
     137
     139
     155
     171
     180
     190
     198
     221
     204
     210
     236
     274
     256
     285
     287
     304
     315
     332
     349
     361
     390
     382
     491
     451
     471
     435
     505
     507
     546
     560
     558
     575
     614
     586
     644
     624
     663
     713
     666
     712
     714
     750
     783
     773
     818
     822
     810
     870
     865
     801
     855
     876
     891
     888
     801
     881
     886
     843
     864
     815
     812
     808
     834
     811
     835
     775
     764
     766
     771
     751
     739
     730
     738
     631
     632
     643
     619
     627
     544
     559
     547
     494
     479
     473
     479
     459
     406
     399
     397
     360
     366
     320
     324
     284
     286
     252
     233
     231
     241
     226
     211
     201
     163
     167
     159
     135
     121
     108
     115
     102
      88
      92
      87
      90
      59
      65
      64
      47
      57
      55
      35
      31
      41
      30
      26
      35
      23
      14
      21
      10
      14
      21
      14
      10
      18
      16
      13
       8
       7
       9
       6
      11
       6
       8
      10
       9
       6
       5
       4
       1
       1
       4
       4
       4
       5
       2
       6
       6
       4
       6
      11
       7
       5
       3
       3
       4
       2
       3
       4
       2
       5
       6
       3
       3
       5
       2
       3
       1
       2
       5
       5
       3
       5
       2
       0
       4
       5
       4
       4
       2
       3
       3
       4
       4
       4
       1
       3
       0
       5
       5
       2
       3
       1
       1
       1
       4
       3
       5
       4
       1
       0
       4
       3
       3
       8
       1
       2
       0
       3
       4
       2
       1
       1
       4
       2
       5
       5
       2
       1
       2
       5
       1
       3
       4
       3
       4
       1
       4
       1
       2
       1
       6
       4
       2
       4
       1
       4
       7
       3
       0
       2
       2
       4
       2
       3
       5
       2
       2
       2
       1
       0
       4
       3
       2
       5
       2
       3
       0
       2
       6
       6
       2
       2
       1
       3
       4
       4
       0
       3
       2
       1
       4
       2
       2
       3
       1
       3
       3
       5
       0
       3
       2
       2
       2
       5
       2
       3
       2
       1
       1
       5
       1
       3
       1
       2
       1
       3
       9
       0
       3
       1
       1
       3
       2
       2
       6
       2
       2
       2
       1
       0
       0
       3
       3
       6
       5
       1
       3
       9
       1
       0
       5
       3
       6
       0
       0
       5
       4
       2
       2
       5
       4
       3
       4
       0
       0
       1
       2
       3
       3
       0
       5
       4
       3
       6
       2
       1
       3
       6
       4
       3
       1
       6
       0
       3
       1
       3
       4
       2
       4
       4
       2
       2
       3
       5
       4
       2
       3
       3
       6
       5
       3
       4
       4
       3
       2
       2
       4
       3
       0
       3
       5
       0
       2
       4
       3
       0
       3
       2
       7
       3
       7
       4
       1
       4
       1
       0
       4
       5
       2
       2
       3
       3
       5
       1
       3
       1
       2
       4
       5
       4
       3
       5
       2
       3
       1
       3
       2
       1
       3
       0
       3
       4
       3
       3
       1
       3
       0
       3
       2
       0
       4
       3
       2
       2
       0
       0
       3
       1
       1
       8
       2
       1
       2
       3
       2
       1
       6
       3
       3
       1
       3
       0
       2
       3
       4
       3
       2
       2
       6
       4
       1
       5
       3
       2
       0
       1
       2
      10
       0
       1
       2
       2
       4
       1
       2
       1
       0
       3
       1
       4
       1
       1
       1
       2
       1
       4
       1
       3
       2
       1
       2
       3
       3
       1
       2
       1
       1
       1
       2
       5
       2
       1
       1
       4
       0
       3
       3
       2
       2
       2
       2
       4
       1
       2
       2
       0
       2
       2
       0
       3
       2
       2
       0
       4
       5
       2
       1
       1
       5
       1
       2
       3
       1
       0
       0
       2
       1
       3
       0
       0
       1
       0
       3
       2
       3
       2
       1
       2
       3
       1
       1
       2
       4
       3
       1
       2
       6
       3
       3
       3
       4
       1
       3
       3
       3
       2
       2
       0
       0
       1
       1
       7
       2
       3
       2
       0
       1
       3
       3
       2
       2
       2
       2
       4
       5
       1
       2
       3
       1
       2
       2
       3
       1
       1
       1
       0
       1
       1
       3
       3
       3
       2
       3
       5
       2
       5
       1
       1
       2
       3
       1
       3
       0
       3
       1
       2
       1
       0
       3
       2
       2
       2
       1
       3
       2
       2
       1
       3
       4
       3
       0
       2
       2
       2
       3
       2
       3
       3
       2
       3
       2
       2
       4
       4
       2
       1
       3
       3
       2
       2
       1
       2
       2
       1
       3
       1
       1
       1
       1
       0
       3
       4
       1
       0
       1
       2
       0
       2
       1
       2
       0
       2
       1
       0
       0
       4
       1
       0
       2
       3
       1
       0
       3
       1
       0
       2
       2
       3
       1
       2
       2
       0
       1
       1
       1
       4
       1
       0
       1
       0
       3
       1
       5
       0
       2
       1
       2
       0
       2
       1
       1
       1
       1
       1
       0
       1
       1
       1
       4
       3
       0
       0
       2
       1
       1
       1
       2
       2
       0
       0
       3
       2
       1
       1
       2
       0
       0
       3
       2
       3
       0
       0
       1
       1
       3
       3
       3
       2
       0
       1
       6
       2
       4
       2
       1
       5
       3
       2
       1
       3
       2
       2
       3
       3
       3
       2
       2
       3
       3
       2
       3
       2
       1
       0
       5
       2
       0
       1
       1
       2
       2
       2
       2
       2
       0
       2
       2
       3
       1
       1
       4
       5
       2
       5
       1
       0
       3
       0
       0
       1
       2
       0
       1
       2
       1
       0
       1
       1
       3
       2
       1
       0
       3
       1
       3
       1
       0
       3
       1
       2
       0
       3
       1
       0
       2
       0
       0
       3
       1
       1
       0
       2
       1
       0
       1
       0
       1
       2
       2
       2
       0
       2
       0
       0
       1
       1
       1
       1
       1
       1
       1
       0
       3
       2
       3
       2
       1
       1
       0
       1
       1
       0
       2
       0
       0
       0
       1
       0
       0
       1
       1
       0
       2
       0
       2
       0
       1
       2
       3
       0
       0
       1
       2
       1
       1
       2
       1
       2
       0
       0
       1
       1
       0
       0
       3
       1
       2
       3
       0
       1
       3
       0
       1
       1
       0
       2
       0
       1
       1
       1
       0
       0
       1
       1
       1
       0
       1
       1
       1
       2
       0
       0
       0
       0
       0
       0
       0
       0
       1
       2
       0
       2
       1
       0
       2
       0
       1
       1
       0
       1
       1
       1
       0
       0
       1
       2
       0
       1
       1
       3
       1
       1
       0
       0
       0
       1
       1
       3
       3
       2
       0
       2
       1
       4
       2
       3
       0
       2
       2
       1
       2
       1
       5
       3
       0
       0
       0
       1
       1
       2
       1
       0
       2
       3
       2
       2
       1
       2
       2
       2
       4
       1
       1
       1
       4
       1
       1
       2
       4
       3
       3
       1
       2
       4
       2
       1
       3
       1
       3
       2
       2
       1
       1
       0
       2
       3
       1
       3
       3
       1
       1
       2
       2
       4
       4
       1
       1
       3
       3
       2
       2
       2
       1
       1
       3
       4
       3
       2
       2
       1
       2
       2
       3
       2
       2
       3
       2
       3
       2
       1
       2
       2
       5
       1
       3
       3
       1
       1
       4
       2
       2
       0
       1
       5
       4
       4
       0
       1
       5
       0
       2
       0
       2
       2
       3
       4
       3
       4
       3
       3
       1
       2
       0
       1
       1
       2
       2
       0
       1
       0
       2
       6
       1
       1
       1
       0
       3
       2
       1
       1
       4
       2
       1
       0
       0
       3
       1
       1
       2
       1
       0
       2
       1
       2
       0
       0
       2
       1
       0
       3
       0
       0
       1
       3
       1
       0
       0
       2
       0
       1
       0
       1
       1
       0
       0
       1
       0
       0
       1
       1
       0
       0
       0
       0
       1
       2
       0
       0
       1
       1
       0
       2
       0
       1
       0
       0
       0
       1
       1
       2
       0
       1
       1
       1
       0
       1
       1
       1
       0
       0
       0
       0
       0
       0
       0
       3
       1
       1
       2
       1
       0
       0
       0
       0
       0
       0
       0
       0
       0
       0
       0
       0
       0
       0
       0
       0
       0
       0
       0
       0
       0
       0
       0
       0
       0
       0
       0
       0
       0
       0
       0
       0
$ROI:
1
778 993
$PRESETS:
None
0
0
$ENER_FIT:
0.000000 0.000000
$MCA_CAL:
3
0.000000E+000 0.000000E+000 0.000000E+000 
$SHAPE_CAL:
3
0.000000E+000 0.000000E+000 0.000000E+000
