$SPEC_ID:
No sample description was entered.
$SPEC_REM:
DET# 1
DETDESC# LAB4C1 Easy-MCA-2k SN 20066403
AP# Maestro Version 7.01
$DATE_MEA:
11/06/2024 10:47:23
$MEAS_TIM:
450 450
$DATA:
0 2047
       0
       0
       0
       0
       0
       0
       0
       0
       0
       0
       7
      15
      14
      15
      16
      15
      16
       9
      11
      13
      18
      17
      23
      16
      21
      18
      17
      10
      21
      16
      15
      17
      11
      16
      14
      14
      14
      17
      17
      18
      22
      18
      26
      30
      30
      37
      42
      37
      32
      57
      47
      66
      47
      50
      38
      30
      39
      27
      31
      30
      22
      26
      22
      22
      21
      24
      17
      14
      24
      21
      14
      31
      18
      26
      22
      28
      20
      21
      18
      28
      27
      19
      27
      17
      33
      30
      28
      32
      33
      35
      25
      18
      23
      32
      36
      34
      40
      42
      48
      36
      45
      43
      36
      59
      48
      55
      54
      47
      37
      60
      50
      58
      60
      63
      66
      66
      51
      55
      48
      64
      43
      68
      44
      54
      54
      59
      53
      40
      44
      40
      37
      47
      52
      34
      37
      34
      30
      37
      39
      54
      32
      48
      36
      30
      37
      33
      40
      30
      41
      25
      38
      32
      45
      33
      46
      35
      41
      32
      40
      43
      32
      31
      29
      31
      21
      35
      31
      38
      31
      41
      27
      26
      32
      30
      46
      30
      42
      39
      30
      23
      39
      37
      35
      43
      32
      38
      43
      21
      22
      32
      37
      35
      39
      40
      34
      38
      34
      40
      29
      24
      30
      35
      32
      39
      30
      26
      36
      25
      20
      37
      27
      29
      31
      33
      36
      24
      20
      31
      23
      27
      21
      23
      30
      49
      36
      31
      12
      24
      23
      38
      27
      27
      23
      25
      25
      38
      29
      35
      24
      27
      36
      25
      25
      30
      30
      21
      18
      32
      37
      26
      27
      34
      26
      26
      35
      26
      28
      29
      32
      28
      22
      36
      20
      32
      28
      26
      38
      31
      36
      25
      35
      31
      37
      31
      26
      21
      33
      28
      20
      21
      15
      21
      19
      34
      30
      22
      25
      23
      23
      29
      19
      27
      30
      21
      27
      23
      28
      25
      23
      27
      29
      31
      28
      28
      16
      29
      24
      25
      29
      27
      31
      27
      27
      27
      31
      17
      24
      17
      16
      29
      21
      31
      19
      27
      37
      28
      17
      16
      27
      21
      23
      26
      31
      25
      27
      14
      30
      24
      31
      17
       8
      21
      17
      29
      23
      16
      14
      26
      15
      28
      23
      22
      18
      26
      21
      15
      24
      28
      17
      28
      16
      28
      28
      25
      14
      24
      16
      18
      23
      22
      21
      10
      12
      33
      29
      14
      20
      20
      18
      23
      16
      29
      19
      22
      11
      19
      23
      18
      16
      24
      23
      22
      20
      26
      15
      15
      17
      18
      18
      16
      17
      19
      19
      25
      20
      20
      14
      20
      13
      10
      21
      16
      15
      17
      12
      18
      13
      15
      15
      10
      21
      16
      25
      17
      13
      12
      10
      20
      21
      20
      16
      16
      21
      23
      18
      22
      24
      20
      17
      18
      15
      17
      12
      14
      17
      21
      23
      19
      17
      22
      14
      22
      14
      12
      17
      11
      19
      18
      15
      23
      20
      14
      17
      17
      17
      18
      17
       9
      15
      14
      16
      23
      11
      17
      15
      19
      16
      18
      11
      13
      12
      19
      14
      17
      17
      16
      14
      17
      11
      12
      16
      17
      16
      18
      13
      20
      11
      15
      17
      16
       6
      15
      24
      11
      12
      25
      23
      15
      14
      15
      20
       9
      14
      12
      17
      20
      13
      16
      10
      10
      20
      15
      16
      14
      17
      19
      17
      17
      14
      13
      14
      15
      16
      19
      26
      11
      14
      12
       9
      16
      18
      12
      20
      13
      14
      13
      13
      18
      23
      18
       7
      19
      13
      14
       9
      12
      17
      17
      21
      13
      15
       9
      12
      16
      12
      16
       9
       6
       8
       9
      15
       9
       7
      17
      23
      22
      14
       8
      15
      10
      14
      17
      12
      13
       9
      16
      14
      14
      12
      11
      14
      14
      12
       9
      11
      11
      14
      15
      13
       3
      15
      12
       5
      15
       4
      14
      10
      12
      11
      14
       9
       8
      18
      13
      11
      16
       4
      11
      10
      14
       9
      20
      11
      11
       7
       8
      21
      13
      11
      14
      14
      12
      14
      18
      13
       8
      11
       9
      22
      18
      11
      14
      11
      11
      14
       6
       9
       8
      12
      19
      12
       9
       7
       5
      10
       8
       8
      17
       6
       7
      11
       9
      16
       3
       6
      11
       9
       8
      12
      15
      16
      13
       9
      11
       9
       6
       7
       9
       5
       9
       7
       6
       7
       7
       9
       5
      10
      12
       9
       7
       5
       6
      10
       2
       4
       7
       8
       8
       8
      14
       4
       4
       7
       7
       7
      10
       9
      14
       7
      11
      11
       7
       8
       6
      11
      11
       7
       4
       8
       4
      10
       6
       8
       9
      10
       7
       6
       6
       8
       9
      10
       3
       8
       8
      12
       4
       3
      16
      11
       8
       9
       3
       7
       6
       5
       3
       8
      15
       4
      11
      10
      11
       9
       2
      14
      10
      12
       7
      11
       8
       7
       8
       6
       6
       7
       4
       7
       9
       7
       8
       9
       6
       8
       8
       3
       6
       7
       6
      13
       9
      11
       6
       9
       7
       6
       6
       5
      15
       9
      13
       6
      10
      11
       7
       6
       5
      10
      17
       9
      11
       6
       7
       4
       5
       9
       9
      11
       5
       5
      10
       5
      11
       7
       4
      10
      10
      16
       9
       7
       9
      17
      17
      13
      14
      19
       8
      13
      15
       9
      11
      16
      17
      13
      14
      23
      17
      20
      19
      16
      16
      23
      26
      25
      30
      19
      28
      25
      35
      30
      37
      31
      48
      40
      31
      45
      34
      38
      47
      40
      41
      41
      43
      43
      62
      40
      55
      54
      46
      47
      54
      43
      64
      66
      63
      48
      67
      79
      69
      59
      72
      69
      44
      79
      61
      67
      73
      57
      66
      77
      42
      64
      57
      62
      68
      55
      61
      58
      58
      41
      64
      52
      54
      44
      42
      44
      40
      51
      38
      40
      35
      30
      32
      30
      29
      36
      33
      26
      29
      23
      30
      22
      25
      23
      23
      28
      20
      26
      17
      19
      13
      19
      14
      15
      14
      10
       6
      18
      13
      16
      13
      13
      12
       9
      10
       5
       2
       4
       5
      11
       5
       6
       4
       6
       3
       5
       6
       5
       5
       1
       3
       6
       3
       4
       2
       3
       7
       6
       1
       1
       4
       2
       4
       1
       2
       4
       3
       3
       2
       5
       3
       5
       3
       4
       5
       1
       1
       3
       4
       0
       2
       4
       5
       6
       3
       6
       5
       1
       6
       6
       5
       3
       2
       2
       3
       4
       4
       5
       2
       1
       3
       4
       0
       3
       6
       4
       4
       4
       3
       1
       3
       6
       2
       2
       4
       1
       2
       3
       2
       6
       2
       4
       3
       3
       5
       4
       4
       9
       1
       2
       5
       0
       5
       3
       3
       2
       2
       3
       7
       1
       2
       3
       5
       3
       0
       5
       3
       0
       2
       7
       1
       2
       3
       1
       3
       1
       2
       2
       3
       0
       6
       3
       6
       1
       5
       1
       6
       4
       3
       1
       3
       1
       6
       3
       3
       3
       4
       1
       3
       3
       1
       6
       4
       1
       5
       5
       1
       4
       4
       1
       6
       3
       3
       2
       2
       3
       2
       2
       4
       1
       2
       2
       1
       2
       3
       2
       2
       3
       1
       1
       4
       4
       2
       2
       4
       3
       1
       2
       2
       3
       4
       1
       3
       0
       3
       5
       2
       3
       2
       1
       1
       3
       2
       0
       6
       2
       0
       0
       2
       3
       0
       1
       4
       2
       1
       2
       4
       3
       3
       2
       5
       6
       2
       1
       3
       3
       5
       0
       0
       5
       6
       1
       2
       4
       1
       3
       2
       0
       1
       1
       1
       1
       2
       2
       0
       2
       2
       1
       3
       4
       3
       2
       5
       1
       3
       6
       4
       2
       2
       3
       2
       1
       3
       2
       0
       4
       4
       0
       3
       3
       4
       0
       4
       0
       2
       3
       5
       2
       1
       2
       4
       5
       4
       1
       1
       4
       0
       0
       2
       2
       4
       3
       2
       0
       1
       1
       4
       1
       3
       4
       2
       3
       1
       1
       2
       1
       2
       3
       3
       4
       4
       2
       5
       3
       3
       4
       3
       2
       1
       3
       3
       2
       4
       4
       3
       0
       1
       1
       0
       1
       4
       0
       3
       1
       3
       3
       4
       2
       1
       3
       5
       1
       1
       3
       1
       5
       4
       5
       3
       3
       2
       1
       4
       7
       2
       2
       1
       4
       0
       5
       1
       2
       2
       1
       2
       1
       0
       1
       4
       2
       0
       3
       2
       1
       6
       1
       1
       1
       3
       0
       2
       3
       2
       4
       1
       0
       0
       2
       1
       1
       3
       2
       1
       0
       3
       3
       1
       2
       4
       2
       3
       2
       3
       0
       0
       4
       2
       1
       3
       4
       2
       3
       1
       7
       0
       2
       4
       0
       5
       0
       2
       1
       4
       1
       2
       1
       3
       3
       6
       4
       3
       4
       1
       2
       3
       4
       2
       1
       3
       1
       3
       2
       1
       2
       1
       2
       1
       0
       2
       0
       3
       1
       1
       2
       2
       1
       1
       0
       0
       1
       1
       2
       1
       3
       0
       1
       1
       3
       4
       1
       1
       2
       1
       3
       2
       2
       2
       0
       1
       1
       4
       2
       3
       2
       8
       3
       2
       2
       2
       4
       2
       0
       3
       1
       1
       0
       3
       1
       4
       0
       1
       1
       4
       0
       1
       1
       1
       0
       1
       6
       1
       1
       0
       0
       2
       2
       2
       3
       0
       0
       4
       1
       3
       0
       0
       3
       2
       1
       1
       1
       3
       3
       1
       5
       2
       3
       2
       3
       2
       3
       3
       0
       1
       0
       3
       0
       1
       2
       0
       3
       2
       2
       0
       2
       4
       2
       1
       3
       2
       3
       5
       0
       2
       0
       2
       2
       2
       2
       0
       4
       2
       2
       1
       0
       0
       1
       1
       3
       2
       0
       2
       4
       2
       4
       1
       3
       1
       4
       0
       3
       3
       2
       0
       0
       1
       1
       1
       3
       1
       4
       1
       1
       0
       0
       0
       1
       1
       4
       2
       0
       4
       2
       0
       1
       0
       1
       1
       0
       1
       3
       1
       0
       3
       2
       1
       1
       0
       2
       1
       0
       3
       1
       1
       0
       0
       2
       0
       1
       3
       2
       1
       3
       1
       3
       1
       1
       2
       1
       4
       1
       1
       4
       1
       0
       0
       2
       0
       0
       0
       1
       0
       2
       1
       0
       1
       1
       0
       5
       1
       0
       1
       1
       1
       1
       3
       1
       1
       0
       1
       1
       0
       1
       0
       2
       0
       2
       4
       1
       0
       3
       2
       2
       2
       0
       0
       2
       0
       0
       5
       1
       1
       0
       1
       0
       0
       2
       1
       0
       1
       0
       0
       1
       1
       3
       0
       0
       1
       1
       1
       1
       1
       0
       3
       0
       0
       0
       1
       1
       1
       0
       1
       1
       0
       1
       2
       1
       2
       0
       1
       1
       0
       0
       0
       0
       1
       3
       2
       2
       0
       1
       1
       1
       1
       2
       3
       1
       2
       0
       1
       1
       1
       1
       0
       1
       0
       0
       0
       1
       0
       1
       1
       0
       1
       1
       3
       2
       0
       1
       2
       2
       0
       0
       0
       1
       3
       1
       1
       0
       0
       0
       1
       0
       1
       0
       0
       0
       0
       1
       0
       0
       1
       0
       1
       0
       0
       0
       1
       0
       1
       0
       3
       1
       1
       1
       1
       1
       1
       1
       1
       2
       1
       1
       1
       2
       0
       2
       1
       0
       2
       1
       0
       0
       1
       3
       1
       0
       0
       1
       1
       0
       1
       1
       2
       1
       0
       0
       0
       1
       2
       1
       1
       0
       1
       1
       1
       2
       0
       0
       1
       0
       0
       2
       1
       0
       1
       2
       0
       1
       2
       0
       1
       1
       1
       0
       0
       1
       0
       1
       0
       2
       0
       1
       5
       1
       1
       1
       2
       2
       1
       0
       2
       4
       2
       1
       1
       1
       5
       4
       2
       0
       5
       1
       1
       2
       2
       2
       7
       4
       0
       1
       4
       2
       2
       2
       2
       3
       4
       0
       3
       3
       2
       3
       1
       1
       1
       2
       1
       3
       4
       1
       5
       1
       4
       2
       1
       1
       1
       2
       2
       1
       4
       4
       4
       2
       4
       0
       4
       1
       0
       2
       0
       4
       2
       4
       4
       0
       4
       1
       0
       3
       1
       1
       6
       2
       0
       5
       2
       4
       3
       0
       5
       3
       5
       3
       1
       2
       3
       3
       4
       3
       3
       1
       2
       4
       1
       0
       2
       1
       2
       2
       2
       1
       0
       2
       2
       2
       0
       0
       0
       2
       5
       1
       0
       2
       0
       0
       2
       2
       1
       2
       1
       3
       1
       0
       1
       1
       1
       2
       0
       1
       0
       1
       1
       1
       1
       2
       1
       3
       2
       2
       0
       2
       0
       3
       1
       2
       0
       1
       2
       0
       1
       0
       2
       1
       0
       0
       2
       2
       0
       0
       1
       0
       1
       0
       1
       0
       0
       1
       0
       3
       0
       1
       2
       0
       0
       1
       0
       0
       1
       0
       1
       0
       0
       1
       0
       1
       0
       0
       0
       0
       0
       0
       0
       0
       0
       0
       0
       0
       0
       0
       0
       0
       0
       0
       0
       0
       0
       0
       0
       0
       0
       0
       0
       0
       0
       0
       0
       0
       0
$ROI:
0
$PRESETS:
Live Time
450
0
$ENER_FIT:
0.000000 0.000000
$MCA_CAL:
3
0.000000E+000 0.000000E+000 0.000000E+000 
$SHAPE_CAL:
3
0.000000E+000 0.000000E+000 0.000000E+000
