$SPEC_ID:
No sample description was entered.
$SPEC_REM:
DET# 1
DETDESC# LAB4C1 Easy-MCA-2k SN 20066403
AP# Maestro Version 7.01
$DATE_MEA:
11/05/2024 16:46:59
$MEAS_TIM:
91 91
$DATA:
0 2047
       0
       0
       0
       0
       0
       0
       0
       0
       0
       0
      27
      73
      55
      62
      58
      39
      44
      42
      48
      38
      41
      44
      47
      57
      40
      49
      52
      49
      48
      46
      46
      53
      46
      57
      31
      40
      55
      54
      68
      78
      69
      87
      81
      97
     114
      99
     136
     144
     172
     195
     219
     188
     181
     182
     155
     133
     122
     129
     104
     101
      90
      64
      66
      67
      69
      62
      57
      55
      63
      66
      59
      64
      76
      59
      64
      60
      66
      54
      53
      51
      52
      54
      58
      77
      56
      47
      60
      69
      51
      56
      66
      49
      74
      64
      74
      74
      64
      86
      80
      85
      65
      80
      83
      94
      88
      72
      80
      88
     108
     100
     101
     134
     124
     130
     119
     109
     123
     119
      97
      98
      92
      96
      95
      84
      99
      68
      73
      97
      86
      83
      77
      82
      77
      92
      66
      73
      66
      64
      71
      52
      65
      62
      54
      64
      56
      66
      61
      63
      61
      67
      67
      69
      57
      68
      55
      60
      73
      48
      50
      65
      62
      62
      70
      57
      58
      48
      57
      56
      44
      58
      67
      54
      53
      54
      50
      58
      60
      65
      65
      49
      62
      65
      68
      61
      55
      64
      72
      49
      42
      57
      60
      64
      49
      51
      65
      46
      53
      59
      49
      60
      58
      66
      75
      54
      68
      64
      73
      62
      52
      54
      59
      66
      54
      65
      62
      64
      56
      58
      51
      55
      53
      68
      61
      54
      59
      59
      62
      69
      50
      74
      72
      63
      46
      58
      63
      71
      64
      57
      77
      76
      53
      65
      72
      64
      58
      72
      66
      61
      75
      68
      71
      82
      83
      66
      65
      66
      63
      68
      88
      77
      78
      81
      65
      71
      90
      77
      76
      79
      73
      73
      92
      87
      80
      92
      84
      78
      86
      76
      62
      74
      84
      82
      67
      67
      68
      83
      72
      70
      75
      91
      75
      79
      80
      75
      59
      61
      72
      77
      72
      91
      71
      79
      69
      70
      78
      62
      74
      91
      72
      75
      66
      65
      66
      67
      60
      87
      60
      69
      65
      71
      64
      81
      63
      62
      76
      67
      73
      62
      71
      66
      69
      63
      55
      79
      62
      68
      62
      53
      68
      67
      57
      66
      51
      48
      67
      64
      70
      61
      69
      59
      59
      57
      79
      71
      59
      72
      74
      51
      54
      51
      41
      79
      66
      63
      67
      64
      70
      58
      61
      68
      69
      66
      55
      64
      51
      54
      58
      64
      44
      62
      68
      72
      63
      65
      50
      43
      81
      63
      63
      67
      54
      70
      61
      63
      79
      63
      70
      70
      73
      65
      58
      53
      70
      66
      74
      66
      60
      67
      58
      60
      59
      62
      78
      59
      62
      81
      66
      60
      68
      57
      72
      62
      67
      67
      65
      76
      75
      56
      57
      62
      64
      70
      60
      64
      74
      70
      67
      69
      62
      64
      56
      67
      80
      62
      55
      69
      50
      54
      63
      58
      58
      54
      72
      68
      72
      71
      72
      69
      52
      66
      67
      52
      76
      78
      50
      59
      65
      61
      71
      64
      61
      61
      76
      74
      73
      57
      53
      52
      64
      82
      70
      70
      62
      62
      75
      69
      62
      56
      47
      70
      60
      67
      65
      75
      64
      64
      60
      59
      70
      71
      52
      72
      71
      63
      53
      69
      73
      48
      78
      64
      63
      62
      72
      57
      65
      70
      48
      43
      62
      58
      70
      65
      74
      66
      85
      75
      51
      80
      62
      69
      66
      52
      71
      79
      64
      66
      59
      74
      74
      65
      70
      63
      71
      57
      65
      60
      67
      71
      64
      78
      72
      60
      80
      85
      75
      65
      67
      71
      69
      63
      67
      65
      69
      61
      66
      63
      53
      60
      57
      56
      61
      69
      63
      65
      60
      67
      51
      66
      60
      53
      62
      65
      79
      72
      55
      49
      58
      74
      58
      72
      60
      66
      58
      63
      66
      65
      76
      69
      57
      56
      52
      51
      65
      54
      53
      56
      47
      61
      60
      50
      38
      43
      59
      49
      53
      50
      54
      62
      48
      48
      47
      57
      44
      53
      49
      47
      62
      42
      56
      45
      37
      42
      42
      49
      44
      48
      41
      40
      51
      41
      33
      30
      41
      40
      27
      35
      32
      29
      32
      31
      28
      41
      31
      24
      32
      25
      26
      36
      27
      26
      37
      32
      23
      28
      26
      35
      25
      32
      35
      25
      24
      33
      30
      23
      29
      31
      33
      23
      30
      26
      24
      24
      16
      24
      23
      26
      24
      17
      31
      18
      25
      23
      23
      17
      19
      25
      24
      22
      19
      14
      28
      19
      26
      22
      24
      26
      21
      18
      32
      22
      25
      25
      22
      21
      22
      26
      18
      28
      23
      16
      16
      19
      19
      25
      18
      30
      19
      23
      22
      22
      28
      21
      18
      22
      25
      19
      21
      17
      18
      18
      17
      22
      27
      17
      18
      15
      15
      16
      21
      19
      22
      14
      22
      14
      16
      19
      29
      12
      13
      20
      22
      25
      17
      16
      24
      20
      16
      20
      16
      13
      21
      21
      13
      19
      10
      19
      22
      23
      25
      26
      25
      33
      26
      18
      20
      18
      23
      27
      25
      21
      23
      20
      35
      26
      27
      18
      23
      25
      38
      30
      31
      44
      33
      32
      42
      42
      41
      46
      46
      40
      51
      64
      52
      57
      54
      52
      83
      75
      75
      69
      82
      88
      88
      96
     104
      89
     108
     124
      98
     124
     108
     139
     123
     146
     156
     168
     157
     154
     176
     200
     207
     210
     200
     219
     227
     203
     215
     257
     251
     262
     269
     274
     276
     284
     288
     296
     302
     319
     329
     339
     307
     341
     362
     366
     360
     359
     353
     366
     394
     334
     375
     351
     355
     386
     336
     370
     355
     359
     367
     361
     337
     336
     317
     326
     325
     313
     324
     276
     312
     282
     278
     314
     260
     256
     276
     219
     264
     240
     222
     203
     188
     195
     194
     194
     169
     147
     157
     165
     153
     137
     118
     120
     116
      91
      90
      88
      69
      97
      85
      82
      58
      51
      56
      64
      49
      38
      49
      45
      32
      45
      26
      24
      38
      31
      21
      25
      21
      20
      21
      14
      17
      12
       8
      13
      11
       7
       6
       7
       8
      14
       4
       2
       3
       1
       6
       4
       4
       5
       5
       3
       4
       3
       0
       1
       5
       4
       4
       1
       0
       2
       0
       2
       3
       0
       0
       3
       0
       1
       1
       0
       0
       1
       0
       0
       1
       1
       2
       3
       2
       1
       0
       2
       1
       0
       0
       3
       1
       1
       0
       1
       0
       1
       2
       0
       1
       0
       1
       2
       0
       1
       1
       0
       0
       0
       1
       1
       0
       2
       3
       1
       1
       2
       1
       1
       1
       1
       3
       0
       0
       1
       1
       1
       0
       1
       1
       1
       0
       0
       1
       0
       1
       2
       2
       0
       1
       2
       1
       0
       0
       0
       3
       2
       0
       0
       0
       1
       3
       0
       0
       0
       1
       0
       4
       0
       1
       1
       1
       1
       0
       1
       0
       2
       0
       0
       2
       1
       1
       2
       1
       1
       0
       0
       0
       0
       1
       2
       0
       2
       0
       1
       3
       1
       0
       1
       0
       0
       0
       0
       0
       2
       1
       1
       0
       1
       1
       0
       1
       0
       1
       1
       2
       0
       0
       0
       1
       0
       0
       0
       1
       1
       1
       2
       1
       1
       1
       2
       1
       2
       1
       1
       1
       1
       1
       0
       0
       2
       0
       0
       0
       1
       0
       2
       2
       0
       0
       1
       1
       1
       1
       0
       3
       1
       0
       0
       1
       1
       1
       0
       1
       1
       1
       1
       1
       1
       1
       0
       0
       0
       0
       0
       2
       0
       1
       0
       1
       3
       1
       1
       0
       0
       1
       0
       1
       0
       0
       1
       1
       1
       3
       1
       0
       0
       1
       2
       0
       1
       0
       1
       0
       2
       0
       0
       0
       1
       0
       3
       0
       0
       0
       0
       2
       0
       0
       0
       1
       0
       1
       0
       0
       0
       1
       1
       2
       0
       0
       1
       0
       0
       2
       2
       2
       1
       1
       1
       0
       1
       0
       0
       1
       0
       0
       0
       0
       0
       0
       0
       1
       0
       0
       0
       1
       1
       0
       0
       0
       1
       0
       0
       0
       1
       1
       0
       0
       1
       2
       2
       1
       2
       0
       1
       0
       1
       0
       0
       1
       0
       1
       1
       0
       0
       0
       0
       0
       1
       0
       0
       0
       0
       0
       1
       1
       1
       0
       2
       0
       1
       0
       1
       2
       1
       0
       0
       0
       1
       0
       1
       1
       0
       1
       0
       0
       0
       2
       0
       1
       0
       0
       0
       0
       0
       2
       1
       0
       2
       0
       0
       0
       1
       0
       1
       0
       0
       1
       0
       0
       1
       0
       1
       0
       1
       1
       0
       0
       1
       0
       0
       0
       0
       0
       0
       0
       0
       1
       0
       1
       0
       0
       0
       2
       2
       1
       1
       0
       0
       0
       0
       0
       1
       0
       0
       1
       4
       0
       0
       1
       1
       1
       0
       0
       0
       0
       0
       3
       1
       0
       0
       0
       2
       0
       0
       0
       1
       1
       1
       0
       1
       1
       0
       0
       3
       1
       0
       0
       0
       0
       1
       2
       0
       1
       1
       0
       1
       0
       1
       1
       2
       1
       2
       1
       1
       0
       0
       1
       0
       1
       0
       0
       0
       2
       0
       1
       0
       0
       0
       1
       1
       1
       1
       0
       1
       0
       1
       0
       2
       0
       1
       0
       0
       0
       1
       1
       1
       1
       0
       0
       0
       0
       0
       0
       0
       0
       1
       0
       0
       0
       0
       1
       0
       0
       1
       0
       0
       0
       0
       1
       0
       0
       0
       0
       0
       1
       0
       0
       0
       0
       0
       0
       0
       0
       0
       0
       0
       1
       1
       0
       0
       0
       1
       0
       3
       1
       0
       1
       0
       0
       1
       0
       0
       0
       0
       1
       0
       1
       1
       2
       0
       2
       0
       0
       0
       0
       0
       1
       1
       0
       1
       1
       0
       0
       0
       1
       0
       0
       0
       0
       0
       0
       0
       0
       0
       1
       0
       0
       2
       1
       0
       1
       0
       0
       0
       1
       0
       0
       1
       0
       0
       0
       0
       0
       1
       0
       0
       0
       0
       1
       0
       0
       0
       0
       0
       1
       1
       0
       0
       1
       0
       0
       1
       0
       0
       1
       0
       0
       0
       0
       0
       0
       0
       0
       0
       0
       0
       1
       2
       1
       0
       0
       0
       0
       1
       0
       0
       1
       0
       0
       0
       0
       0
       2
       0
       0
       0
       2
       0
       0
       0
       0
       0
       0
       0
       1
       1
       3
       1
       0
       0
       0
       1
       1
       1
       0
       0
       1
       0
       0
       1
       1
       0
       0
       0
       0
       0
       1
       0
       0
       0
       0
       0
       0
       1
       0
       0
       0
       0
       0
       1
       0
       0
       1
       1
       0
       1
       1
       1
       0
       1
       1
       0
       0
       1
       0
       0
       0
       0
       1
       0
       0
       0
       1
       0
       1
       1
       0
       0
       0
       0
       0
       1
       0
       1
       0
       0
       1
       1
       0
       0
       1
       0
       0
       0
       0
       0
       0
       0
       0
       0
       0
       0
       2
       0
       1
       1
       0
       2
       0
       1
       0
       0
       0
       0
       0
       0
       0
       0
       0
       0
       0
       0
       0
       0
       0
       0
       1
       0
       0
       0
       0
       0
       0
       0
       0
       0
       0
       0
       0
       0
       0
       0
       0
       2
       0
       0
       0
       0
       1
       0
       0
       0
       0
       0
       1
       0
       0
       0
       0
       1
       0
       0
       0
       0
       1
       0
       0
       0
       0
       0
       0
       0
       0
       0
       0
       0
       0
       0
       1
       0
       0
       0
       0
       0
       0
       1
       0
       0
       0
       0
       0
       0
       1
       2
       0
       0
       1
       0
       0
       0
       0
       1
       1
       0
       0
       0
       2
       1
       0
       1
       0
       0
       0
       1
       0
       0
       2
       0
       0
       0
       0
       0
       1
       0
       0
       0
       1
       2
       0
       0
       0
       0
       1
       0
       2
       0
       1
       0
       0
       1
       0
       0
       0
       0
       1
       0
       0
       0
       0
       0
       0
       0
       0
       0
       1
       0
       0
       0
       0
       0
       0
       3
       0
       1
       1
       0
       0
       1
       1
       0
       0
       0
       0
       0
       0
       0
       0
       2
       0
       1
       1
       0
       0
       0
       0
       0
       1
       0
       0
       2
       0
       0
       1
       1
       0
       0
       0
       0
       0
       0
       1
       0
       1
       1
       1
       0
       0
       1
       0
       1
       1
       0
       0
       0
       1
       0
       0
       0
       0
       0
       0
       0
       0
       0
       0
       0
       0
       0
       0
       0
       1
       1
       0
       0
       0
       0
       0
       1
       0
       0
       0
       0
       0
       1
       0
       0
       0
       0
       0
       0
       0
       0
       0
       0
       0
       0
       0
       0
       0
       1
       0
       0
       0
       2
       0
       0
       0
       0
       0
       0
       0
       0
       0
       0
       0
       0
       1
       1
       0
       0
       0
       0
       0
       0
       0
       0
       0
       0
       0
       0
       1
       0
       0
       0
       0
       0
       0
       0
       0
       0
       0
       1
       0
       0
       0
       0
       0
       2
       0
       0
       0
       0
       0
       0
       0
       0
       0
       0
       0
       0
       0
       0
       0
       0
       0
       0
       0
       0
       0
       0
       0
       0
       0
       0
       0
       0
       0
       0
       0
       0
       0
       0
$ROI:
1
802 949
$PRESETS:
None
0
0
$ENER_FIT:
0.000000 0.000000
$MCA_CAL:
3
0.000000E+000 0.000000E+000 0.000000E+000 
$SHAPE_CAL:
3
0.000000E+000 0.000000E+000 0.000000E+000
