$SPEC_ID:
No sample description was entered.
$SPEC_REM:
DET# 1
DETDESC# LAB4C1 Easy-MCA-2k SN 20066403
AP# Maestro Version 7.01
$DATE_MEA:
11/05/2024 17:31:41
$MEAS_TIM:
700 700
$DATA:
0 2047
       0
       0
       0
       0
       0
       0
       0
       0
       0
       0
      18
      30
      29
      32
      33
      20
      23
      28
      24
      15
      19
      16
      22
      29
      18
      24
      18
      20
      27
      26
      25
      26
      34
      24
      32
      27
      33
      20
      28
      37
      38
      51
      42
      41
      74
      60
      77
      90
      85
      99
     124
     117
     114
     101
      83
      87
      80
      60
      55
      61
      51
      44
      49
      44
      32
      35
      39
      38
      35
      34
      58
      49
      32
      26
      36
      51
      29
      34
      43
      33
      35
      46
      34
      35
      52
      38
      39
      44
      53
      64
      47
      64
      60
      69
      61
      62
      62
      49
      80
      73
      68
      83
      93
      80
      79
      84
      97
     107
     119
     102
     100
      98
      95
     111
      95
      98
      78
      96
      83
      79
      78
      77
      83
      77
      76
      78
      68
      74
      71
      66
      77
      63
      81
      72
      84
      76
      58
      73
      67
      65
      57
      58
      68
      72
      56
      51
      73
      63
      56
      67
      75
      68
      70
      58
      44
      63
      68
      55
      58
      61
      69
      66
      62
      61
      62
      54
      68
      56
      61
      60
      55
      68
      56
      57
      62
      61
      60
      59
      58
      61
      59
      71
      58
      66
      53
      61
      63
      62
      68
      50
      60
      46
      59
      64
      75
      59
      63
      50
      58
      52
      45
      59
      62
      51
      69
      66
      56
      65
      66
      59
      63
      49
      56
      48
      46
      57
      46
      40
      51
      45
      62
      53
      52
      53
      59
      46
      55
      51
      59
      54
      53
      48
      51
      42
      44
      60
      57
      44
      55
      44
      60
      44
      60
      49
      51
      48
      61
      58
      58
      51
      50
      61
      61
      58
      60
      47
      59
      44
      54
      53
      56
      56
      41
      53
      59
      43
      65
      53
      38
      67
      50
      48
      56
      52
      43
      42
      53
      48
      58
      55
      48
      48
      51
      41
      42
      51
      34
      55
      52
      56
      52
      55
      52
      46
      40
      56
      47
      32
      45
      46
      45
      48
      53
      53
      39
      52
      50
      44
      48
      50
      44
      50
      43
      50
      27
      41
      42
      41
      50
      49
      43
      44
      32
      52
      41
      40
      47
      43
      47
      54
      33
      35
      36
      39
      39
      34
      36
      40
      32
      40
      32
      39
      33
      31
      26
      35
      40
      35
      36
      44
      39
      36
      38
      30
      28
      40
      37
      37
      34
      26
      35
      30
      35
      31
      28
      28
      32
      35
      37
      27
      35
      30
      39
      36
      30
      32
      35
      33
      29
      31
      33
      31
      32
      34
      29
      35
      38
      36
      32
      30
      35
      24
      37
      29
      38
      30
      33
      34
      36
      34
      19
      25
      24
      23
      27
      30
      25
      33
      26
      22
      37
      27
      31
      28
      30
      20
      34
      32
      31
      26
      21
      37
      38
      27
      29
      29
      22
      27
      40
      31
      34
      24
      41
      34
      23
      33
      32
      28
      17
      21
      33
      35
      27
      24
      27
      30
      24
      35
      28
      28
      27
      25
      24
      24
      27
      40
      28
      24
      18
      23
      39
      27
      27
      28
      32
      29
      29
      26
      26
      23
      25
      25
      34
      29
      19
      26
      19
      20
      31
      20
      23
      18
      27
      26
      26
      23
      22
      18
      23
      26
      15
      23
      18
      27
      21
      27
      29
      26
      30
      21
      25
      21
      23
      20
      21
      23
      24
      18
      13
      33
      28
      30
      22
      23
      23
      20
      31
      25
      30
      23
      22
      30
      26
      18
      14
      19
      28
      23
      23
      25
      26
      27
      21
      19
      32
      20
      14
      32
      27
      19
      25
      24
      24
      25
      26
      17
      20
      22
      28
      18
      17
      18
      30
      17
      25
      14
      14
      22
      30
      24
      20
      20
      17
      24
      24
      17
      17
      25
      19
      26
      17
      18
      27
      16
      22
      25
      17
      22
      19
      22
      19
      29
      21
      23
      25
      14
      18
      21
      23
      21
      24
      20
      24
      20
      26
      26
      16
      20
      31
      25
      23
      13
      27
      11
      12
      25
      18
      26
      22
      21
      19
      22
      22
      19
      18
      13
      18
      11
      16
      18
      20
       8
      20
      17
      22
      20
      24
      14
      22
      20
      16
      14
      11
      24
      17
      14
      21
      13
      22
      19
       6
      18
      16
      20
      18
      19
      14
      14
      14
      12
      10
      18
      11
      10
      13
      11
      16
      14
      12
      11
      12
       7
       7
      23
      11
      16
      17
      10
      16
      12
       8
      17
      11
      12
       9
      13
      17
      13
      13
      11
      15
       7
      12
      15
      10
      15
      15
      11
      15
      13
      11
       9
      13
      13
       9
      14
       9
      14
      12
       8
      19
      13
      12
       6
      14
       9
      22
      12
      17
       7
      14
      18
      13
       4
       9
       8
      10
      10
       7
      10
       5
      11
      10
      18
      12
       4
      17
      13
       5
       8
       9
       8
      11
      12
       5
      14
      25
       7
      23
       9
       8
      16
       9
      10
      17
      13
      14
      13
       6
       9
      14
       8
      10
       9
      13
      14
      13
       8
      13
       5
      16
      13
      11
      11
       4
      11
       9
      11
      11
      11
       7
       4
      11
      13
      13
       8
       8
      19
      12
      13
      13
       9
      17
      11
       9
      16
      12
      10
      12
      18
       9
      12
      13
      20
      13
      13
      13
      11
       7
       4
       9
      14
      26
      12
       9
      18
      16
      14
      16
      15
      13
      12
      14
      16
      24
      19
      16
      14
       8
      15
      22
      21
      23
      21
      22
      27
      31
      24
      18
      32
      35
      28
      30
      38
      34
      38
      28
      41
      46
      44
      49
      42
      47
      48
      60
      47
      49
      41
      58
      72
      49
      73
      55
      67
      62
      68
      89
      78
      95
      83
      92
      79
      84
      97
      96
      94
      90
      97
      95
     101
      95
     102
      92
     113
     112
     101
     112
     115
     107
     124
     109
     117
     100
      96
     113
     104
      97
      87
      99
      88
     108
      88
      88
      95
      83
      94
      86
      85
      81
      74
      83
      67
      68
      57
      75
      77
      45
      61
      54
      57
      69
      52
      45
      58
      50
      41
      34
      36
      33
      26
      29
      48
      22
      31
      24
      28
      23
      27
      16
      22
      18
      16
      17
      14
       9
      11
      18
      10
      12
      17
      10
      13
      11
      10
      13
      16
      10
       6
       8
      13
      10
       1
       8
       6
       4
       9
       7
       4
       2
       4
       6
       4
       2
       1
       6
       9
       5
       4
       3
       6
       2
       6
       6
       8
       3
       7
       6
       5
       1
       5
       7
       3
       4
       4
       5
       2
       4
       3
       4
       3
       4
       1
       4
       7
       4
       7
       5
       4
       4
       4
       7
       5
       6
       3
       2
      11
       5
       5
       2
       1
       7
       2
       5
       7
       6
       5
       4
       2
       7
       7
       5
       3
       6
       4
       5
       3
       7
       2
       1
       6
       2
       0
       5
       4
       5
       5
       5
       4
       1
       8
       9
       3
       1
       5
       6
       3
       4
       8
       2
       6
       8
       3
       7
       3
      10
       2
       1
       3
       4
       7
       3
       2
       2
       4
       1
       4
       8
       9
       3
       6
       3
       5
       2
      11
       5
       4
       6
       5
       4
       9
       7
       4
       6
       6
       3
       6
       6
       1
       1
       4
       2
       3
       4
       2
       4
       8
       2
       2
       5
       4
       4
       2
       5
       4
       2
       2
       3
       2
       4
       5
       5
       3
       7
       2
       3
       5
       3
       4
       3
       4
       5
       4
       5
       2
       2
       2
       2
       4
       7
       7
       1
       3
       2
       1
       3
       6
       5
       4
       3
       1
       6
       1
       3
       1
       4
       5
       4
       5
       8
       5
       6
       5
       6
       4
       4
       3
       2
       4
       5
       4
       2
       1
       6
       8
       6
       5
       4
       4
       3
       3
       3
       4
       4
       5
       3
       5
       4
       3
       5
       3
       1
       5
       4
       6
       2
       4
       4
       4
       1
       8
       7
       4
       2
       2
       4
       1
       6
       6
       6
       5
       1
      10
       2
       5
       3
       1
       4
       4
       8
       5
       1
       2
       5
       4
       4
       5
       7
       8
       2
       1
       1
       5
       2
       3
       4
       6
       7
       4
       1
       2
       4
       3
       2
       1
       2
       7
       5
       3
       4
       7
       2
       6
       2
       7
       3
       4
       5
       4
       1
       7
       3
       7
       1
       4
       4
       4
       4
       4
       3
       2
       6
       4
       4
       3
       4
       2
       4
       3
       5
       1
       2
       4
       3
       5
       5
       3
       3
       4
       8
       5
       3
       6
       1
       5
       4
       5
       3
       2
       3
       3
       3
       4
       3
       8
       1
       5
       2
       5
       0
       4
       0
       7
       6
       2
       5
       2
       5
       5
       4
       3
       4
       4
       3
       4
       2
       6
       4
       4
       6
       5
       2
       1
       3
       2
       4
       2
       3
       4
       5
       3
       1
       7
       4
       5
       4
       4
       4
       3
       0
       4
       5
       2
       2
       2
       2
       2
       0
       3
       5
       2
       3
       3
       3
       2
       3
       3
       1
       4
       4
       2
       1
       6
       4
       0
       3
       1
       1
       1
       4
       1
       1
       4
       2
       3
       3
       2
       3
       5
       0
       2
       2
       1
       1
       0
       6
       1
       0
       3
       4
       4
       3
       1
       4
       5
       4
       1
       1
       4
       0
       2
       3
       2
       3
       2
       1
       1
       4
       2
       1
       2
       4
       0
       3
       1
       3
       2
       4
       6
       3
       4
       3
       1
       1
       7
       2
       1
       5
       3
       1
       8
       2
       2
       2
       0
       2
       3
       2
       3
       4
       4
       5
       2
       2
       1
       3
       3
       2
       3
       2
       4
       1
       2
       7
       2
       4
       3
       4
       2
       4
       2
       1
       4
       3
       0
       3
       1
       2
       4
       7
       2
       5
       2
       2
       0
       2
       2
       1
       4
       3
       4
       3
       3
       5
       4
       3
       4
       2
       6
       3
       2
       2
       5
       5
       5
       4
       3
       2
       6
       1
       7
       1
       4
       0
       0
       4
       1
       3
       0
       1
       2
       2
       3
       0
       5
       2
       1
       2
       4
       3
       3
       2
       4
       1
       3
       2
       3
       2
       3
       5
       1
       1
       1
       6
       1
       3
       2
       4
       0
       2
       3
       0
       2
       2
       1
       0
       3
       1
       2
       4
       0
       3
       3
       2
       1
       2
       3
       0
       1
       4
       1
       1
       1
       3
       2
       3
       3
       1
       1
       5
       2
       3
       2
       1
       0
       4
       1
       3
       4
       2
       3
       2
       1
       2
       2
       2
       1
       3
       2
       2
       3
       1
       2
       2
       2
       0
       1
       1
       4
       0
       1
       1
       1
       2
       2
       0
       2
       0
       1
       3
       2
       0
       1
       4
       1
       2
       4
       4
       3
       2
       1
       4
       2
       0
       9
       1
       0
       3
       0
       2
       3
       1
       3
       3
       0
       2
       1
       1
       1
       3
       1
       1
       2
       3
       0
       0
       2
       4
       1
       5
       2
       0
       0
       1
       3
       3
       4
       1
       6
       4
       1
       1
       3
       0
       3
       1
       1
       3
       2
       1
       1
       3
       1
       2
       2
       4
       1
       2
       5
       2
       1
       2
       4
       1
       2
       4
       1
       1
       3
       1
       1
       3
       2
       1
       0
       0
       2
       2
       3
       2
       2
       2
       0
       1
       0
       1
       3
       0
       2
       1
       0
       2
       3
       2
       1
       1
       1
       2
       1
       2
       1
       1
       3
       2
       2
       3
       3
       1
       1
       2
       2
       0
       2
       1
       1
       0
       3
       1
       3
       2
       3
       0
       1
       1
       1
       0
       1
       2
       0
       1
       1
       1
       4
       1
       2
       1
       2
       2
       3
       3
       4
       1
       2
       3
       2
       4
       2
       0
       0
       1
       2
       1
       1
       0
       2
       2
       0
       0
       4
       1
       2
       4
       2
       2
       3
       1
       2
       3
       2
       3
       1
       1
       3
       0
       1
       2
       2
       3
       5
       1
       3
       4
       5
       4
       3
       3
       2
       3
       0
       2
       1
       1
       8
       3
       2
       1
       3
       3
       3
       1
       3
       1
       1
       5
       4
       3
       2
       3
       1
       2
       3
       2
       2
       1
       4
       2
       4
       2
       7
       5
       2
       6
       3
       3
       4
       3
       3
       2
       4
       6
       2
       2
       5
       3
       3
       2
       5
      12
       5
       6
       1
       3
       1
       3
       4
       1
       5
       3
       6
       4
       3
       3
       5
       4
       4
      10
       2
       8
       4
       1
       8
       4
       3
       3
       2
       0
       2
       3
       9
       2
       3
       1
       3
       5
       5
       1
       4
       2
       1
       3
       1
       3
       0
       2
       3
       5
       4
       7
       3
       5
       4
       5
       5
       2
       2
       1
       3
       4
       1
       3
       1
       0
       4
       1
       0
       4
       2
       0
       1
       2
       3
       2
       1
       3
       3
       1
       0
       4
       1
       2
       0
       3
       2
       3
       3
       2
       2
       0
       1
       2
       1
       4
       3
       1
       2
       2
       1
       1
       3
       1
       1
       1
       1
       0
       2
       1
       2
       3
       0
       2
       0
       0
       2
       0
       0
       1
       2
       0
       3
       0
       1
       1
       0
       1
       1
       1
       1
       0
       2
       2
       3
       3
       3
       0
       0
       1
       0
       1
       1
       0
       0
       1
       1
       0
       1
       1
       0
       1
       1
       1
       2
       2
       0
       0
       0
       1
       1
       0
       0
       0
       0
       0
       0
       0
       0
       0
       0
       0
       0
       0
       0
       0
       0
       0
       0
       0
       0
       0
       0
       0
       0
       0
       0
       0
       0
       0
       0
       0
       0
$ROI:
1
830 929
$PRESETS:
Live Time
700
0
$ENER_FIT:
0.000000 0.000000
$MCA_CAL:
3
0.000000E+000 0.000000E+000 0.000000E+000 
$SHAPE_CAL:
3
0.000000E+000 0.000000E+000 0.000000E+000
