$SPEC_ID:
No sample description was entered.
$SPEC_REM:
DET# 1
DETDESC# LAB4C1 Easy-MCA-2k SN 20066403
AP# Maestro Version 7.01
$DATE_MEA:
11/05/2024 18:12:59
$MEAS_TIM:
700 700
$DATA:
0 2047
       0
       0
       0
       0
       0
       0
       0
       0
       0
       1
      28
     105
      63
      74
      63
      69
      59
      54
      48
      58
      53
      63
      50
      51
      69
      65
      60
      53
      71
      73
      62
      67
      72
      57
      83
      69
      79
      69
      75
      91
      93
     132
     116
     180
     215
     253
     292
     326
     410
     392
     451
     430
     408
     385
     342
     282
     242
     201
     178
     165
     143
     129
     102
      97
      87
      74
      88
      69
      87
      79
      74
      92
      77
      77
      84
      82
      77
      87
      89
      80
      90
      77
      76
      68
      79
      80
      88
      69
      91
      89
      82
     101
     104
     109
      89
     105
     101
     130
     111
     120
     109
     104
     125
     115
     125
     150
     140
     153
     151
     154
     172
     181
     154
     157
     151
     166
     143
     157
     135
     136
     146
     141
     134
     140
     105
     121
     116
     151
     117
     121
     122
     130
     113
     105
     100
     115
     102
      90
     114
      97
     124
     105
     105
      91
      97
      92
     107
      94
      93
      90
     102
      91
      98
     102
      89
      98
      96
     106
     108
      93
      93
     105
      83
      97
      94
      93
     110
      84
     124
      90
      96
     109
      86
      75
      92
     106
      99
      82
      89
     118
      96
      75
      76
     114
     100
     106
      89
     102
     100
      96
      90
      98
     107
     105
      98
      96
      93
      88
      92
      84
      94
     100
     103
      81
      97
      99
     125
     101
      85
      79
     112
      97
      93
      90
      93
      84
      89
      85
     110
      99
      83
      97
     101
     102
      75
      86
     100
      93
      78
      93
      92
      99
      96
      90
      92
      89
      88
      82
      85
      86
      94
      95
      94
     107
      93
      94
      92
      98
     108
     108
     104
     103
      90
     108
      92
     106
      96
      93
     110
     109
     104
     107
     117
     109
     120
     105
      93
      97
      92
     109
     107
     101
     107
     101
      83
     101
     101
     120
      88
     102
     102
      92
     113
     108
     114
      78
     103
     118
      99
      96
      96
     100
     113
      90
     117
     101
      95
      88
     104
     100
      99
      83
     104
      97
      78
     111
     107
      86
     100
      97
      89
     101
      88
      88
     117
     115
      91
     102
      98
      83
      99
      87
      94
      92
     100
      78
      98
      94
     101
      94
      97
      93
     103
      74
      99
      94
      96
      79
      81
      79
      81
      88
      87
      98
      82
      79
      82
      82
      73
      65
      75
      91
      77
      93
      67
      85
      87
      59
      76
      85
      80
      69
      89
      89
      75
      77
      73
      68
      74
      69
      85
      77
      68
      82
      73
      77
      83
      83
      67
      77
      64
      73
      57
      75
      64
      76
      62
      65
      97
      65
      80
      71
      74
      59
      65
      65
      90
      69
      66
      76
      65
      66
      65
      68
      61
      62
      88
      72
      78
      72
      65
      75
      88
      54
      82
      56
      75
      75
      69
      74
      66
      62
      72
      63
      61
      54
      59
      70
      64
      67
      66
      77
      64
      77
      62
      47
      72
      71
      70
      59
      67
      81
      70
      78
      65
      59
      63
      64
      69
      71
      70
      73
      59
      65
      66
      61
      76
      63
      85
      76
      71
      67
      69
      63
      74
      70
      60
      73
      86
      69
      65
      57
      65
      72
      63
      61
      68
      59
      70
      65
      76
      63
      70
      69
      66
      63
      68
      61
      71
      65
      63
      65
      54
      70
      68
      54
      71
      69
      73
      76
      68
      62
      54
      65
      52
      49
      60
      74
      60
      68
      67
      68
      64
      54
      69
      77
      71
      64
      51
      67
      73
      56
      53
      62
      60
      72
      71
      62
      64
      61
      61
      70
      74
      56
      58
      64
      66
      60
      55
      58
      57
      79
      86
      62
      57
      57
      62
      71
      63
      68
      58
      50
      69
      63
      46
      69
      67
      58
      68
      54
      76
      75
      73
      63
      58
      61
      66
      56
      66
      62
      64
      61
      75
      49
      66
      64
      72
      51
      71
      67
      71
      64
      66
      60
      66
      61
      55
      65
      55
      68
      67
      65
      62
      66
      62
      60
      70
      69
      61
      61
      56
      53
      57
      61
      57
      54
      52
      47
      65
      58
      55
      62
      71
      50
      56
      52
      51
      52
      53
      51
      61
      61
      40
      51
      51
      45
      55
      46
      48
      41
      34
      44
      44
      52
      39
      48
      39
      37
      35
      43
      30
      32
      46
      38
      33
      39
      41
      28
      28
      31
      27
      31
      39
      22
      33
      29
      35
      23
      43
      30
      26
      28
      28
      39
      29
      31
      21
      35
      34
      30
      35
      32
      40
      30
      22
      38
      38
      24
      31
      35
      32
      27
      24
      24
      36
      26
      28
      30
      26
      23
      24
      31
      29
      33
      29
      21
      26
      35
      23
      23
      17
      26
      28
      22
      24
      25
      31
      28
      23
      36
      21
      31
      30
      32
      23
      20
      29
      25
      25
      24
      30
      22
      18
      26
      20
      14
      21
      26
      19
      38
      31
      21
      25
      26
      21
      19
      29
      22
      20
      24
      24
      20
      22
      22
      23
      25
      34
      16
      20
      28
      34
      25
      26
      24
      30
      27
      31
      20
      30
      22
      25
      27
      19
      28
      23
      28
      38
      29
      23
      22
      23
      22
      26
      32
      28
      19
      20
      21
      14
      25
      18
      24
      27
      35
      28
      33
      29
      34
      32
      24
      38
      31
      28
      37
      34
      35
      24
      32
      30
      37
      30
      31
      40
      31
      31
      28
      37
      42
      33
      35
      37
      54
      41
      49
      34
      54
      63
      64
      60
      60
      71
      78
      59
      69
      84
      75
      92
      90
     109
      91
     100
     109
     128
     120
     119
     130
     146
     156
     168
     190
     190
     232
     197
     251
     224
     232
     253
     259
     260
     223
     252
     261
     269
     317
     310
     312
     356
     340
     364
     386
     372
     395
     400
     405
     400
     398
     438
     420
     439
     462
     447
     498
     450
     467
     485
     472
     467
     453
     455
     487
     415
     451
     489
     470
     415
     437
     462
     428
     454
     433
     440
     399
     365
     407
     382
     404
     355
     332
     326
     324
     314
     313
     275
     270
     262
     266
     268
     251
     221
     217
     221
     213
     168
     205
     167
     167
     163
     134
     122
     110
     112
     116
      97
     134
     100
      97
     104
      88
      91
      79
      55
      59
      60
      53
      51
      52
      52
      36
      45
      28
      30
      27
      26
      17
      20
      19
      22
      21
      17
      17
      12
      13
      10
       8
      13
       7
       8
       8
       5
       9
       6
       8
      12
       2
       6
       3
      11
       9
       7
       6
       8
       6
       5
       6
       5
       5
       4
       5
      11
       3
       6
       6
       4
       1
       4
       3
       5
       5
       4
       3
       5
       3
       3
       1
       6
       1
       8
       5
       5
       8
       3
       5
       7
       4
       3
       5
       5
       4
       7
       6
       6
       4
       5
       3
       7
       8
       5
       4
       7
       5
       2
       3
       3
       6
       4
       4
       6
       2
       4
       4
       6
       8
       9
       6
       4
       5
       5
       4
       4
       5
       2
       6
      10
       1
       2
       3
       7
       3
       1
       3
      10
       6
       7
       3
       3
       9
       7
       4
      12
       1
       6
       3
       2
       1
       4
       5
       6
       6
       3
       5
       7
       3
       8
       1
       7
       4
       9
       4
       4
       4
       6
       4
       5
       4
       4
       4
       4
       2
      11
       5
       6
       5
       3
       1
       0
       3
       2
       2
       9
       5
       5
       1
       2
       4
       3
       6
       7
       1
       4
       7
       5
       4
       5
       9
       3
       2
       0
       4
       8
       1
       4
       4
       3
       2
       5
       4
       6
       5
       6
       6
       4
       5
       3
       4
       3
       2
       6
       4
       7
       5
       5
       6
       6
       5
       6
       6
       3
       6
       2
       4
       4
       3
       4
       9
       1
       6
       6
       7
       3
       4
       2
       2
       7
       1
       9
       7
       3
       2
       4
       2
       7
       3
       5
       2
       4
       3
       5
       3
       6
       2
       6
       4
       4
       5
       3
       2
       7
       3
       4
       7
       4
       5
       2
       3
       6
       6
       4
       6
       4
       6
       2
       2
       5
       2
       4
       4
       3
       8
       3
       2
       6
       7
       6
       6
       3
       4
       1
       3
       3
       1
       2
       0
       2
       3
       5
       3
       7
       6
       3
      10
       2
       4
       3
       5
       5
       7
       3
       4
       4
       4
       1
       4
       1
       3
       4
       7
       4
       5
       3
       5
       4
       3
       4
       3
       4
       7
       7
       2
       5
       3
       1
       4
       5
       7
       4
       7
       6
       5
       5
       2
       2
       4
       5
       1
       3
       4
       4
       4
       2
       2
       2
       4
       3
       2
       6
       3
       5
       5
       1
       2
       3
       1
       1
       6
       2
       3
       6
       3
       3
       5
       2
       3
       2
       5
       2
       4
       8
       4
       4
       4
       3
       6
       5
       0
       6
       3
       2
       1
       5
       2
       3
       2
       2
       2
       4
       2
       3
       3
       3
       7
       3
       0
       5
       4
       4
       5
       4
       1
       1
       5
       2
       5
       2
       2
       4
       3
       4
       5
       5
       2
       2
       5
       1
       4
       5
       4
       4
       3
       7
       7
       3
       2
       2
       3
       8
       2
       1
       1
       4
       3
       4
       2
       3
       4
       4
       2
       3
       4
       3
       4
       3
       7
       4
       4
       4
       3
       3
       3
       1
       2
       2
       4
       5
       0
       2
       2
       1
       4
       3
       2
       2
       5
       4
       2
       3
       1
       3
       4
       2
       5
       3
       9
       2
       4
       3
       5
       5
       2
       6
       4
       4
       3
       3
       1
       5
       1
       3
       1
       3
       6
       4
       1
       4
       5
       2
       2
       3
       2
       4
       2
       4
       2
       2
       2
       1
       2
       4
       3
       2
       1
       4
       0
       4
       1
       7
       3
       1
       3
       2
       2
       3
       4
       3
       3
       3
       2
       5
       5
       5
       3
       5
       1
       5
       3
       3
       2
       3
       2
       6
       3
       1
       3
       2
       6
       1
       0
       1
       2
       3
       2
       5
       0
       3
       4
       0
       3
       2
       2
       3
       4
       4
       1
       4
       3
       0
       0
       6
       1
       1
       4
       0
       2
       2
       1
       1
       5
       1
       3
       3
       5
       2
       2
       3
       2
       1
       3
       3
       1
       0
       2
       4
       3
       3
       4
       4
       3
       5
       1
       3
       4
       2
       1
       2
       2
       3
       3
       2
       2
       2
       2
       1
       1
       3
       5
       1
       3
       1
       1
       2
       2
       1
       3
       1
       3
       6
       0
       1
       4
       1
       4
       2
       1
       4
       1
       3
       2
       0
       3
       3
       1
       2
       2
       1
       1
       1
       2
       1
       0
       2
       2
       1
       3
       2
       3
       3
       5
       4
       2
       1
       2
       3
       2
       1
       0
       2
       3
       4
       3
       3
       4
       2
       4
       3
       3
       2
       1
       3
       1
       4
       3
       1
       4
       5
       0
       1
       3
       3
       2
       5
       4
       1
       1
       5
       2
       1
       2
       0
       1
       4
       3
       1
       3
       1
       3
       1
       1
       2
       1
       4
       1
       2
       2
       4
       0
       2
       2
       1
       6
       0
       2
       5
       0
       1
       1
       5
       4
       2
       4
       1
       0
       6
       0
       2
       1
       2
       6
       2
       2
       3
       1
       1
       2
       2
       1
       2
       0
       3
       2
       0
       1
       2
       1
       0
       2
       1
       1
       2
       2
       2
       2
       3
       0
       0
       0
       0
       0
       1
       3
       2
       0
       0
       2
       0
       2
       1
       1
       2
       1
       2
       1
       1
       1
       2
       1
       5
       1
       0
       2
       1
       2
       2
       0
       3
       3
       2
       2
       2
       2
       4
       2
       2
       1
       0
       1
       3
       0
       0
       1
       0
       1
       1
       2
       3
       0
       2
       0
       2
       0
       1
       1
       3
       1
       3
       1
       4
       3
       0
       2
       2
       2
       1
       0
       1
       1
       3
       3
       1
       1
       2
       3
       0
       2
       1
       1
       1
       2
       1
       6
       4
       2
       2
       3
       2
       2
       3
       2
       0
       2
       1
       2
       2
       2
       0
       1
       3
       3
       1
       4
       3
       0
       2
       4
       2
       3
       2
       2
       1
       4
       4
       2
       1
       3
       7
       2
       1
       4
       3
       4
       5
       2
       2
       5
       5
       5
       5
       2
       2
       4
       4
       6
       2
       6
       6
       7
       8
       3
       3
       0
       3
       4
       5
       2
       2
       2
       1
       4
       2
       2
       0
       5
       4
       3
       3
       3
       4
       5
       5
       4
       1
       4
       2
       4
       5
       5
       4
       5
       1
       3
       5
       4
       5
       2
       4
       5
       4
       0
       5
       3
       3
       7
       5
       7
       9
       1
       3
       1
       2
       1
       6
       5
       6
       3
       4
       5
       3
       2
       3
       2
       2
       1
       4
       3
       4
       4
       1
       2
       0
       1
       3
       2
       5
       3
       2
       2
       0
       2
       1
       1
       2
       2
       1
       3
       5
       1
       0
       3
       3
       2
       1
       3
       2
       0
       1
       0
       2
       0
       3
       1
       1
       1
       0
       3
       3
       6
       6
       2
       1
       2
       1
       5
       1
       4
       2
       3
       2
       0
       1
       0
       2
       0
       2
       1
       4
       1
       1
       1
       0
       2
       2
       1
       2
       0
       1
       0
       0
       0
       0
       0
       0
       0
       0
       0
       0
       1
       0
       2
       0
       1
       2
       0
       1
       2
       1
       1
       4
       0
       0
       1
       0
       0
       0
       0
       0
       0
       1
       2
       0
       0
       0
       0
       0
       0
       0
       0
       0
       0
       0
       0
       0
       0
       0
       0
       0
       0
       0
       0
       0
       0
       0
       0
       0
       0
       0
       0
       0
       0
       0
       0
$ROI:
1
809 944
$PRESETS:
Live Time
700
0
$ENER_FIT:
0.000000 0.000000
$MCA_CAL:
3
0.000000E+000 0.000000E+000 0.000000E+000 
$SHAPE_CAL:
3
0.000000E+000 0.000000E+000 0.000000E+000
