$SPEC_ID:
No sample description was entered.
$SPEC_REM:
DET# 1
DETDESC# LAB4C1 Easy-MCA-2k SN 20066403
AP# Maestro Version 7.01
$DATE_MEA:
11/06/2024 10:38:25
$MEAS_TIM:
450 450
$DATA:
0 2047
       0
       0
       0
       0
       0
       0
       0
       0
       0
       0
       6
      15
       8
      13
      11
      15
      17
      12
      17
      11
      17
       9
      11
      11
      10
      12
      12
      16
      18
       9
      18
      14
      20
      17
      11
      13
      16
      21
      18
      16
      15
      22
      10
      17
      21
      17
      20
      22
      16
      16
      27
      22
      20
      21
      18
      15
      12
      20
      26
      17
      11
      21
      22
      20
      13
      24
      19
      25
      26
      22
      17
      18
      17
      11
      21
      21
      21
      24
      23
      16
      26
      20
      30
      22
      15
      26
      19
      28
      21
      31
      43
      40
      33
      28
      26
      34
      28
      44
      33
      34
      36
      44
      35
      45
      43
      50
      43
      41
      51
      49
      48
      61
      52
      53
      53
      47
      52
      55
      63
      55
      57
      57
      36
      42
      44
      52
      45
      35
      50
      40
      36
      46
      40
      35
      28
      34
      41
      38
      38
      39
      38
      34
      36
      35
      28
      27
      42
      36
      48
      38
      26
      44
      33
      29
      36
      32
      28
      31
      32
      41
      33
      40
      18
      36
      45
      18
      35
      32
      26
      34
      36
      36
      35
      28
      34
      35
      46
      32
      27
      29
      27
      34
      20
      30
      38
      30
      26
      33
      34
      32
      39
      31
      27
      34
      22
      24
      31
      23
      20
      26
      31
      28
      24
      31
      33
      31
      36
      26
      17
      26
      26
      25
      24
      29
      26
      28
      24
      22
      22
      19
      25
      27
      27
      38
      23
      27
      27
      24
      24
      33
      22
      33
      24
      25
      22
      35
      31
      16
      25
      26
      28
      23
      23
      25
      18
      28
      30
      21
      23
      36
      19
      23
      34
      27
      30
      25
      23
      22
      29
      20
      32
      28
      27
      28
      30
      28
      25
      21
      20
      31
      30
      25
      31
      27
      20
      24
      26
      30
      24
      25
      14
      29
      18
      28
      30
      27
      28
      32
      18
      18
      16
      21
      22
      19
      22
      25
      27
      25
      25
      23
      19
      24
      26
      22
      21
      26
      32
      24
      19
      24
      20
      23
      15
      22
      29
      17
      23
      20
      19
      20
      18
      23
      21
      20
      22
      22
      19
      23
      23
      20
      20
      14
      25
      28
      23
      27
      24
      19
      21
      26
      21
      29
      21
      18
      17
      19
      19
      12
      24
      21
      17
      21
      19
      12
      14
      13
      10
      17
      19
      15
      12
      23
      18
      25
      21
      22
      16
      14
      17
      19
      21
      18
      15
      29
      16
      10
      23
      17
      13
      22
      17
      19
      12
      21
      13
      16
      18
      20
      26
      12
      21
      18
      16
      11
      17
      19
      20
      16
      13
      16
      11
      14
      13
      12
      11
      16
      11
      17
      16
      18
      17
      18
      12
      17
      15
      21
      10
      13
      13
      22
      14
      19
      20
      15
      10
      13
       9
      23
      19
      14
      10
      12
      17
      21
      19
      17
      14
      19
      17
      17
      14
      21
      17
      13
      18
      17
      15
      18
      15
      20
      11
      13
      21
      22
      18
      15
      14
      16
      16
      17
      14
      16
       8
      20
      16
      17
      14
      18
      15
      11
      22
      16
      15
      12
      10
      21
      20
      21
      14
      18
       9
      13
      12
       9
      18
      26
      11
      13
      12
      14
      25
      15
      15
      18
      14
      12
      22
      18
      16
      15
       8
      16
      13
      12
      12
      17
      17
       7
      15
      13
      14
      10
      14
      11
      13
      16
      14
      19
      16
      17
      15
      13
       6
      11
      19
       9
      16
      16
      11
      22
       8
      10
      17
      13
      16
      14
      17
      13
      16
      14
      14
      12
      11
      14
      23
      14
      16
       6
      18
      14
       9
      11
      12
      12
      15
      12
      13
      13
      11
      11
      16
      14
      15
       9
       9
      18
      10
      15
      16
      17
      17
      12
      12
      16
       8
      11
      13
      11
       7
      13
      18
      18
      11
      15
      16
       9
      14
       9
      14
      11
      13
      10
      12
      10
      10
      10
      12
      10
      16
      19
      16
      12
       6
      10
      16
       7
      14
      15
       7
      12
      10
       9
       8
       9
      11
      12
      12
       5
       3
      10
      11
      13
      13
      10
      16
      11
      19
       5
      19
       5
      13
      11
      15
       8
       3
      10
       4
       7
      15
      11
       5
      13
       7
      16
      16
       8
       6
       6
       8
       9
      11
       8
       7
       5
       4
       9
       8
      11
       9
      11
      13
       9
       7
       8
      10
       7
       7
       9
       7
      11
       9
      13
       4
      10
       8
       9
       6
       8
      10
      10
       8
       7
       8
      12
      12
      11
      14
      12
      10
      12
      13
      10
      12
       1
       5
      13
      11
       9
       5
       9
       7
       7
       7
      14
       7
       7
       9
      10
       6
       7
       7
       5
       8
       6
       9
       5
       7
       8
       7
       7
       6
      12
       5
       9
      10
      13
       7
       9
       5
       6
       7
       4
       3
       4
       8
       8
       8
       5
       3
       9
       5
       3
       5
      10
      11
       8
       8
       8
       7
       7
      11
      10
       7
       7
       4
       9
       4
       5
       8
       8
       7
       6
       9
       4
       5
      11
       7
       8
       8
      11
      10
       6
       2
      11
       9
       7
       8
       6
       2
       7
       6
      17
       4
       8
       9
       6
       2
       2
       8
       4
      11
       7
       4
       8
       9
       9
       8
       8
       7
       5
       9
       8
       8
       7
       6
       7
       8
       3
       9
       6
      15
      11
      11
       9
       7
      10
      11
       8
       9
       9
      11
      12
       6
       8
      12
      18
      13
      12
      11
      11
      18
      14
      15
      15
      15
      14
      25
      19
      23
      23
      16
      22
      23
      26
      31
      29
      27
      34
      37
      33
      35
      21
      31
      34
      34
      31
      27
      37
      40
      50
      32
      46
      45
      43
      41
      40
      44
      45
      49
      42
      59
      73
      61
      53
      44
      60
      50
      62
      68
      70
      70
      57
      69
      62
      72
      64
      54
      51
      57
      60
      53
      55
      57
      42
      48
      60
      53
      48
      61
      43
      43
      40
      49
      43
      38
      42
      45
      39
      57
      39
      35
      27
      29
      31
      26
      31
      37
      24
      22
      17
      26
      24
      22
      16
      19
      20
      19
      18
      15
      17
      13
      16
      13
      10
       8
       5
       7
      15
       6
      10
      10
       7
      10
       9
       7
      14
       3
       7
      13
       3
       4
       3
       5
       6
       2
       2
       3
       1
       2
       4
       6
       3
       3
       6
       1
       3
       3
       5
       4
       0
       4
       6
       5
       8
       2
       2
       0
       2
       2
       4
       2
       3
       1
       4
       5
       0
       4
       2
       2
       4
       2
       2
       4
       2
       1
       7
       2
       3
       4
       4
       5
       1
       5
       3
       3
       1
       7
       5
       3
       3
       1
       3
       1
       5
       1
       2
       2
       4
       4
       3
       3
       2
       1
       4
       2
       5
       4
       3
       4
       4
       6
       2
       2
       1
       0
       4
       2
       1
       0
       2
       5
       4
       4
       4
       0
       1
       0
       5
       4
       2
       5
       4
       3
       2
       2
       5
       0
       2
       2
       1
       3
       2
       2
       3
       7
       3
       3
       3
       3
       5
       2
       2
       2
       5
       2
       0
       7
       2
       2
       9
       3
       1
       2
       2
       1
       1
       4
       3
       6
       2
       4
       3
       2
       4
       2
       2
       0
       3
       0
       2
       3
       2
       1
       2
       2
       2
       6
       3
       1
       0
       2
       6
       4
       1
       5
       1
       2
       5
       1
       1
       1
       3
       1
       0
       2
       2
       1
       4
       1
       0
       2
       1
       1
       0
       1
       3
       5
       4
       4
       3
       3
       3
       4
       1
       3
       1
       2
       2
       2
       2
       6
       4
       2
       6
       2
       0
       2
       3
       0
       0
       5
       3
       2
       2
       0
       1
       2
       1
       3
       1
       2
       2
       2
       0
       0
       5
       4
       5
       2
       6
       5
       6
       4
       1
       4
       3
       1
       4
       5
       0
       0
       2
       2
       3
       2
       4
       2
       3
       3
       6
       1
       1
       1
       3
       5
       2
       5
       3
       4
       2
       2
       1
       1
       1
       1
       3
       0
       2
       6
       0
       4
       3
       7
       4
       1
       1
       3
       2
       4
       4
       3
       1
       1
       2
       3
       0
       3
       5
       3
       3
       4
       5
       3
       1
       5
       2
       6
       3
       3
       3
       4
       5
       2
       2
       0
       4
       3
       5
       1
       1
       1
       3
       1
       5
       2
       0
       1
       3
       6
       2
       2
       5
       1
       1
       3
       1
       1
       5
       3
       4
       0
       0
       2
       1
       1
       2
       3
       2
       1
       2
       1
       1
       2
       3
       4
       2
       1
       4
       2
       1
       2
       2
       5
       0
       5
       0
       2
       3
       2
       2
       2
       1
       2
       3
       5
       1
       1
       2
       0
       4
       1
       4
       1
       2
       4
       1
       2
       1
       2
       1
       0
       1
       1
       2
       0
       2
       1
       1
       1
       3
       2
       3
       0
       5
       2
       1
       0
       3
       1
       2
       0
       2
       4
       1
       1
       3
       3
       1
       1
       2
       0
       2
       1
       1
       1
       2
       2
       1
       1
       4
       1
       0
       2
       2
       0
       1
       2
       0
       1
       2
       1
       1
       3
       1
       3
       1
       2
       3
       1
       2
       1
       0
       2
       4
       4
       2
       1
       0
       3
       1
       3
       1
       0
       2
       1
       0
       3
       1
       0
       2
       2
       1
       1
       1
       5
       1
       0
       3
       2
       2
       2
       3
       3
       1
       1
       2
       2
       2
       3
       2
       3
       0
       1
       2
       3
       1
       3
       1
       0
       0
       0
       3
       5
       4
       0
       2
       2
       2
       6
       0
       2
       1
       3
       0
       3
       1
       3
       2
       1
       1
       1
       2
       2
       1
       5
       1
       0
       4
       3
       4
       5
       1
       2
       3
       1
       0
       4
       2
       2
       0
       0
       1
       2
       1
       2
       2
       1
       5
       2
       4
       2
       2
       1
       2
       4
       3
       3
       1
       4
       2
       2
       3
       0
       1
       1
       1
       1
       2
       2
       2
       1
       4
       2
       3
       1
       0
       3
       1
       2
       0
       2
       2
       0
       1
       1
       2
       1
       1
       1
       1
       2
       1
       4
       1
       1
       1
       0
       0
       1
       1
       2
       2
       2
       1
       0
       1
       2
       2
       2
       2
       2
       0
       2
       2
       1
       1
       3
       2
       2
       3
       4
       1
       2
       1
       1
       2
       1
       0
       1
       2
       0
       2
       0
       1
       1
       3
       2
       1
       3
       1
       2
       1
       2
       0
       2
       1
       1
       2
       0
       1
       1
       1
       3
       1
       1
       3
       0
       0
       2
       0
       0
       2
       0
       1
       4
       2
       1
       2
       2
       2
       0
       0
       1
       0
       1
       2
       3
       1
       1
       3
       0
       0
       2
       3
       2
       2
       1
       0
       1
       0
       3
       2
       0
       2
       1
       1
       2
       3
       1
       0
       2
       0
       0
       1
       0
       3
       0
       2
       0
       1
       0
       3
       0
       0
       3
       1
       2
       1
       0
       0
       3
       0
       0
       0
       1
       2
       0
       2
       0
       0
       1
       0
       2
       0
       0
       2
       2
       2
       3
       1
       1
       1
       1
       2
       0
       0
       0
       1
       1
       0
       0
       0
       0
       3
       1
       0
       0
       0
       2
       0
       1
       1
       2
       0
       2
       0
       1
       0
       0
       3
       0
       2
       2
       1
       1
       1
       0
       1
       0
       0
       3
       1
       0
       2
       2
       0
       1
       2
       0
       1
       1
       1
       0
       1
       0
       2
       1
       1
       1
       1
       1
       3
       0
       1
       1
       1
       1
       2
       1
       0
       1
       0
       1
       2
       1
       1
       1
       0
       0
       1
       0
       1
       0
       1
       0
       0
       3
       0
       1
       1
       0
       0
       0
       2
       3
       1
       2
       0
       1
       0
       1
       1
       0
       2
       0
       1
       0
       0
       1
       1
       0
       1
       1
       1
       0
       1
       2
       0
       0
       3
       1
       0
       0
       0
       3
       1
       1
       0
       2
       3
       1
       2
       3
       0
       2
       1
       5
       3
       0
       3
       0
       2
       1
       1
       2
       1
       2
       0
       3
       2
       0
       1
       2
       2
       1
       2
       1
       1
       5
       6
       3
       1
       1
       1
       2
       4
       3
       1
       3
       1
       2
       1
       3
       4
       1
       0
       3
       3
       3
       3
       1
       1
       1
       4
       2
       3
       1
       1
       0
       1
       0
       4
       1
       3
       3
       1
       2
       2
       1
       6
       2
       3
       3
       2
       0
       3
       0
       3
       4
       2
       2
       3
       5
       1
       1
       1
       3
       0
       2
       1
       1
       1
       2
       6
       2
       4
       3
       1
       5
       3
       3
       1
       3
       0
       1
       1
       0
       2
       3
       5
       2
       2
       2
       3
       2
       1
       2
       1
       1
       0
       2
       0
       1
       0
       2
       1
       4
       1
       1
       2
       1
       2
       2
       0
       2
       3
       1
       1
       1
       1
       1
       1
       0
       1
       2
       3
       2
       1
       0
       1
       0
       1
       1
       0
       2
       1
       2
       0
       2
       0
       2
       0
       0
       1
       0
       3
       0
       1
       1
       0
       0
       1
       4
       0
       2
       1
       0
       0
       0
       1
       1
       2
       0
       0
       2
       1
       0
       0
       0
       3
       0
       0
       0
       2
       0
       1
       0
       1
       0
       0
       0
       0
       2
       0
       0
       0
       0
       0
       0
       0
       0
       0
       0
       0
       0
       0
       0
       0
       0
       0
       0
       0
       0
       0
       0
       0
       0
       0
       0
       0
       0
       0
       0
       0
       0
       0
       0
       0
$ROI:
0
$PRESETS:
Live Time
450
0
$ENER_FIT:
0.000000 0.000000
$MCA_CAL:
3
0.000000E+000 0.000000E+000 0.000000E+000 
$SHAPE_CAL:
3
0.000000E+000 0.000000E+000 0.000000E+000
