$SPEC_ID:
No sample description was entered.
$SPEC_REM:
DET# 1
DETDESC# LAB4C1 Easy-MCA-2k SN 20066403
AP# Maestro Version 7.01
$DATE_MEA:
11/05/2024 17:59:06
$MEAS_TIM:
700 700
$DATA:
0 2047
       0
       0
       0
       0
       0
       0
       0
       0
       0
       0
      30
      65
      44
      39
      45
      42
      39
      40
      25
      28
      30
      32
      46
      31
      33
      33
      49
      34
      38
      37
      37
      35
      40
      52
      35
      49
      43
      46
      42
      64
      62
      73
      89
      83
     121
     148
     163
     188
     199
     236
     256
     267
     254
     201
     201
     156
     122
     121
      97
      88
      71
      94
      66
      77
      60
      58
      53
      47
      45
      70
      63
      56
      50
      52
      71
      47
      58
      44
      73
      48
      63
      60
      59
      69
      70
      58
      73
      77
      51
      64
      72
      67
      73
      75
      79
      94
      88
      80
      84
     100
     110
      96
     114
      88
     106
     109
     112
     118
     110
     113
     121
     121
     133
     133
     130
     130
     128
     131
     129
     128
     106
      98
      88
     112
     109
     111
      93
      90
      93
      90
     109
     101
     102
      78
      97
      89
      81
      85
      97
      75
      78
      74
      78
      85
      91
      83
      80
      67
      72
      84
      71
      70
      82
      64
      85
      69
      69
      67
      82
      68
      82
      83
      68
      71
      75
      85
      68
      78
      72
      80
      87
      89
      71
      71
      85
      70
      74
      81
      73
      85
      55
      83
      75
      74
      67
      69
      68
      58
      64
      67
      66
      75
      93
      82
      70
      82
      62
      55
      57
      69
      65
      70
      71
      71
      57
      72
      65
      53
      92
      66
      76
      79
      79
      77
      73
      81
      67
      70
      62
      71
      79
      64
      66
      65
      83
      70
      61
      62
      71
      63
      90
      69
      77
      64
      62
      69
      72
      74
      54
      61
      98
      65
      66
      75
      80
      65
      76
      74
      75
      64
      71
      70
      65
      77
      87
      73
      69
      73
      69
      79
      75
      87
      85
      71
      81
      87
      86
      74
      59
      80
      66
      83
      73
      83
      69
      71
      70
      70
      81
      79
      77
      72
      63
      88
      67
      69
      77
      58
      71
      84
      80
      74
      55
      63
      60
      82
      49
      68
      68
      73
      59
      66
      78
      77
      62
      67
      62
      60
      88
      71
      64
      63
      64
      58
      70
      71
      64
      64
      76
      70
      59
      54
      71
      63
      65
      71
      71
      60
      52
      44
      66
      64
      47
      62
      64
      51
      56
      72
      50
      61
      50
      66
      48
      64
      67
      44
      49
      58
      50
      56
      44
      44
      62
      67
      50
      55
      46
      49
      45
      60
      65
      52
      53
      39
      55
      46
      66
      54
      57
      42
      54
      43
      43
      39
      45
      48
      42
      45
      60
      57
      43
      58
      48
      48
      47
      43
      44
      65
      51
      39
      60
      43
      47
      41
      33
      36
      43
      53
      48
      41
      46
      46
      47
      66
      49
      42
      45
      49
      40
      42
      43
      52
      49
      44
      52
      54
      40
      46
      38
      46
      42
      35
      32
      48
      50
      43
      42
      39
      45
      56
      54
      30
      39
      61
      42
      39
      39
      35
      49
      44
      39
      47
      44
      38
      47
      44
      48
      40
      45
      43
      48
      43
      56
      45
      43
      47
      34
      52
      38
      30
      44
      45
      46
      43
      35
      44
      39
      46
      41
      40
      47
      30
      47
      37
      58
      38
      32
      39
      48
      43
      31
      44
      34
      47
      45
      43
      43
      39
      28
      48
      45
      37
      41
      41
      31
      30
      39
      47
      31
      41
      41
      39
      34
      36
      34
      37
      38
      42
      38
      45
      45
      28
      38
      42
      39
      30
      39
      27
      39
      41
      40
      30
      44
      23
      28
      40
      33
      27
      42
      44
      48
      27
      38
      40
      32
      33
      31
      33
      39
      41
      48
      36
      48
      40
      37
      38
      25
      47
      32
      33
      41
      39
      37
      29
      41
      32
      33
      35
      47
      41
      29
      40
      48
      45
      48
      31
      37
      42
      31
      46
      42
      38
      40
      39
      35
      36
      36
      35
      36
      47
      22
      45
      33
      44
      29
      38
      25
      39
      48
      45
      26
      44
      38
      34
      37
      38
      31
      38
      37
      46
      47
      25
      31
      41
      28
      25
      36
      34
      22
      32
      35
      33
      25
      29
      30
      21
      32
      31
      30
      22
      39
      26
      32
      23
      32
      22
      26
      22
      22
      39
      24
      33
      23
      35
      34
      20
      19
      27
      23
      26
      35
      25
      19
      33
      14
      25
      24
      18
      20
      23
      27
      26
      26
      26
      18
      26
      28
      11
      23
      21
       7
      22
      28
      21
      25
      19
      17
      24
      19
      30
      14
      27
      20
      17
      28
      21
      15
      19
      17
      18
      15
      15
      27
      20
      14
      21
      19
      29
      16
      19
      13
      12
      18
      22
      23
      14
      15
      20
      20
      12
      19
      17
      14
      18
      23
      18
      12
      23
      15
      13
      12
      18
      15
      15
      12
      10
      14
      14
      26
      20
      17
      14
      14
      10
      23
      21
      12
      21
      22
      19
      16
      21
      18
      15
      18
      10
      11
      22
      13
      13
      13
      18
      23
       8
      14
      14
      17
      10
      11
      18
      12
      14
      13
      17
      13
      21
      23
      21
      15
      18
      10
      16
      16
      13
      19
      18
      14
      14
      20
      20
      15
      18
      20
      17
      18
      13
      11
      13
      16
      16
      16
      14
      14
      15
      16
      22
      23
      16
      23
      24
      20
      16
      12
      13
      12
      13
      17
      20
      14
      19
      17
      13
      18
      21
      21
      22
      22
      15
      22
      20
      22
      25
      16
      33
      31
      29
      29
      36
      27
      42
      43
      32
      45
      42
      34
      51
      43
      69
      55
      45
      73
      57
      73
      64
      69
      72
      60
      67
      93
      82
      93
      98
      99
     108
     115
     131
     129
     138
     129
     147
     158
     148
     171
     134
     171
     165
     182
     182
     170
     179
     170
     228
     215
     192
     213
     221
     246
     215
     220
     245
     243
     255
     231
     247
     245
     221
     246
     234
     235
     263
     278
     236
     258
     224
     239
     227
     250
     228
     231
     212
     213
     234
     197
     191
     190
     193
     209
     175
     185
     168
     172
     179
     170
     174
     145
     139
     145
     129
     135
     132
     111
     130
     110
     105
      75
      91
      80
      81
      87
      67
      69
      59
      51
      53
      56
      54
      48
      66
      45
      37
      39
      34
      31
      29
      30
      17
      34
      23
      26
      18
      26
      19
      14
      22
      12
      14
      13
       9
      13
       5
      11
       9
       9
      10
      12
       7
       8
      10
       5
       3
      10
       3
       2
       9
       4
       3
       1
       7
       4
       6
       9
       4
       6
       8
       4
       4
       9
       4
       4
       6
       5
       4
       4
       6
       5
       3
       3
       5
       9
       4
       4
       2
       6
       2
       6
       2
       2
       3
       9
       7
       3
       6
       5
       4
       3
       0
       4
       3
       8
       6
       3
       3
       2
       6
       3
       3
       7
       5
       5
       6
       8
       6
       8
       6
       5
       3
       2
       4
       3
      10
       4
       5
       3
       2
       4
       2
       6
       3
       3
       7
       7
       4
       6
       3
       7
       3
       7
       2
       4
      10
       2
       5
       3
       6
       4
       4
       4
       2
       5
       3
       3
       7
       1
       5
       2
       4
       2
       3
       5
       6
       2
       2
       8
       4
       4
       2
       6
       4
       5
       3
       6
       2
       7
       6
       4
       1
       5
       4
       4
       5
       3
       3
       5
       5
       8
       5
       6
       6
       4
       3
       4
       8
       5
       6
       3
       5
       7
       8
       4
       5
       4
       3
       4
       4
       4
       7
       4
       2
       3
       4
       5
       8
       4
       6
       3
       2
       3
       6
       3
       4
       5
       3
       4
       4
       4
       6
       4
       4
      10
       4
       7
       2
       5
      12
       8
       5
       5
       0
       3
       3
       6
       5
       1
       5
       3
       7
       3
       3
       5
       3
       3
       6
       2
       2
       3
       0
       6
       7
       5
       6
       2
       3
       2
       9
       3
       7
      10
       5
       5
       4
       3
       5
       4
       4
       4
       6
       3
       4
       4
       9
       7
       4
       8
       1
       0
       2
       5
       3
       3
       5
       4
       4
       5
       4
       4
       5
       3
       6
       6
       2
       4
       3
       1
       4
       3
       5
       5
       1
       3
       5
       3
       8
       8
       5
       7
       7
       3
       6
       3
       9
       4
       8
       6
       5
       2
       3
       2
       4
       2
       2
       3
       8
       4
       5
       3
       4
       6
       3
       2
       5
       3
       2
       4
       2
       1
       8
       6
       3
       8
       6
       2
       7
       2
       5
       5
       5
       6
       4
       1
       8
       6
       4
       6
       3
       2
       3
       4
       6
       3
       4
       5
       2
       4
       3
       3
       3
       3
       5
       0
       6
       2
       7
       0
       4
       6
       5
       5
       7
       1
       3
       5
       3
       7
       3
       1
       2
       4
       5
       4
       2
       3
       3
       4
       4
       2
       2
       6
       0
       2
       4
       2
       5
       1
       5
       1
       7
       6
       3
       3
       4
       2
       3
       7
       2
       2
       1
       1
       2
       2
       9
       6
       3
       3
       4
       3
       2
       5
       1
       4
       4
       1
       2
       2
       5
       5
       4
       4
       5
       2
       6
       4
       2
       5
       0
       4
       4
       2
       4
       3
       1
       2
       6
       0
       5
       4
       2
       2
       2
       4
       2
       2
       1
       5
       5
       5
       4
       1
       1
       4
       5
       4
       2
       3
       3
       4
       3
       3
       4
       3
       1
       6
       4
       5
       5
       1
       2
       4
       6
       2
       7
       1
       8
       2
       1
       3
       2
       0
       1
       2
       3
       3
       2
       0
       4
       2
       3
       4
       5
       0
       4
       4
       3
       3
       8
       4
       1
       3
       5
       3
       2
       1
       7
       3
       2
       4
       3
       1
       3
       6
       1
       4
       4
       2
       3
       5
       0
       4
       2
       1
       4
       2
       4
       7
       5
       3
       2
       4
       2
       6
       4
       2
       2
       6
       3
       4
       5
       3
       2
       2
       1
       3
       2
       1
       2
       3
       4
       2
       1
       4
       3
       7
       2
       1
       1
       1
       4
       4
       5
       2
       2
       2
       2
       2
       0
       2
       2
       2
       4
       4
       1
       2
       1
       4
       2
       1
       2
       2
       4
       1
       3
       6
       2
       4
       1
       3
       5
       0
       1
       2
       3
       3
       0
       4
       2
       1
       7
       7
       1
       2
       4
       2
       1
       4
       4
       3
       1
       1
       1
       5
       4
       2
       1
       1
       3
       1
       2
       1
       1
       3
       0
       3
       1
       4
       1
       3
       0
       4
       2
       0
       0
       2
       2
       4
       0
       1
       3
       2
       2
       0
       0
       0
       4
       4
       0
       8
       3
       3
       1
       3
       3
       3
       3
       1
       3
       2
       3
       3
       0
       5
       1
       2
       1
       1
       2
       0
       1
       0
       3
       0
       1
       3
       4
       2
       3
       1
       1
       1
       0
       2
       2
       3
       0
       4
       1
       2
       1
       2
       2
       3
       3
       3
       4
       1
       1
       5
       0
       1
       2
       1
       0
       2
       1
       4
       3
       2
       1
       1
       0
       3
       2
       0
       0
       1
       0
       3
       1
       0
       1
       1
       3
       0
       2
       5
       0
       0
       4
       1
       3
       1
       0
       1
       2
       1
       0
       0
       0
       0
       1
       1
       4
       1
       2
       3
       0
       1
       3
       2
       0
       2
       2
       3
       1
       1
       1
       0
       0
       2
       2
       1
       0
       2
       0
       2
       1
       2
       4
       2
       1
       2
       1
       1
       1
       1
       0
       2
       0
       2
       3
       5
       2
       0
       1
       0
       2
       0
       1
       2
       1
       0
       0
       0
       1
       2
       2
       1
       1
       0
       1
       0
       0
       1
       0
       2
       2
       1
       0
       1
       1
       0
       1
       2
       1
       1
       1
       4
       2
       1
       0
       1
       0
       2
       4
       0
       3
       3
       2
       1
       2
       0
       2
       5
       3
       0
       1
       0
       2
       2
       3
       1
       2
       1
       1
       3
       2
       3
       1
       2
       0
       3
       3
       0
       2
       1
       2
       3
       4
       1
       1
       4
       4
       1
       2
       2
       0
       4
       2
       1
       5
       2
       2
       5
       0
       0
       5
       4
       4
       2
       1
       2
       1
       3
       3
       2
       3
       4
       2
       3
       2
       3
       2
       2
       1
       2
       3
       6
       3
       3
       5
       2
       3
       5
       2
       3
       3
       2
       2
       2
       4
       2
       5
       4
       5
       3
       2
       3
       2
       4
       6
       2
       3
       8
       3
       4
       5
       2
       3
       7
       4
       2
       3
       3
       6
       5
       5
       2
       2
       5
       2
       4
       2
       3
       6
      13
       3
       5
       2
       3
       4
       4
       4
       2
       2
       3
       3
       4
       2
       3
       1
       4
       2
       2
       1
       2
       2
       4
       2
       6
       3
       4
       1
       4
       5
       3
       2
       0
       1
       3
       5
       2
       2
       3
       1
       1
       5
       5
       2
       1
       5
       1
       2
       1
       0
       2
       2
       1
       0
       5
       2
       3
       2
       2
       4
       3
       1
       2
       3
       3
       1
       1
       2
       5
       2
       1
       2
       3
       1
       1
       1
       4
       0
       0
       0
       0
       1
       1
       1
       0
       0
       2
       0
       2
       1
       0
       2
       3
       2
       1
       1
       1
       2
       0
       1
       1
       1
       1
       1
       2
       2
       0
       1
       1
       3
       2
       1
       2
       1
       0
       0
       0
       3
       1
       1
       1
       2
       0
       1
       0
       0
       1
       0
       0
       3
       0
       1
       0
       0
       0
       0
       0
       0
       0
       0
       0
       0
       0
       0
       0
       0
       0
       0
       0
       0
       0
       0
       0
       0
       0
       0
       0
       0
       0
       0
       0
       0
       0
       0
       0
       0
$ROI:
1
819 940
$PRESETS:
Live Time
700
0
$ENER_FIT:
0.000000 0.000000
$MCA_CAL:
3
0.000000E+000 0.000000E+000 0.000000E+000 
$SHAPE_CAL:
3
0.000000E+000 0.000000E+000 0.000000E+000
