$SPEC_ID:
No sample description was entered.
$SPEC_REM:
DET# 1
DETDESC# LAB4C1 Easy-MCA-2k SN 20066403
AP# Maestro Version 7.01
$DATE_MEA:
11/05/2024 17:26:24
$MEAS_TIM:
700 700
$DATA:
0 2047
       0
       0
       1
       0
       0
       0
       0
       0
       0
       0
      15
      32
      22
      25
      25
      16
      27
      17
      21
      30
      13
      26
      17
      24
      23
      17
      16
      29
      19
      16
      34
      28
      23
      22
      22
      24
      28
      20
      27
      29
      25
      39
      35
      45
      34
      64
      68
      63
      83
      74
      90
      94
     103
     100
      74
      56
      54
      45
      40
      55
      49
      36
      35
      41
      44
      29
      33
      44
      37
      39
      46
      40
      46
      35
      35
      37
      25
      42
      31
      32
      34
      47
      44
      37
      41
      36
      48
      45
      55
      48
      56
      56
      54
      67
      48
      52
      60
      63
      76
      74
      69
      68
     100
      72
      89
      91
      87
      85
      88
      75
     113
      99
     108
      89
      93
      99
     118
      90
      87
      93
      74
      76
      86
      77
      68
      80
      63
      68
      72
      90
      64
      69
      61
      78
      73
      51
      63
      53
      60
      63
      58
      58
      75
      63
      59
      54
      53
      50
      64
      56
      57
      61
      68
      59
      51
      54
      55
      64
      61
      64
      62
      56
      62
      55
      64
      59
      65
      55
      58
      74
      54
      64
      63
      45
      58
      57
      50
      62
      57
      41
      61
      62
      60
      64
      65
      51
      55
      67
      42
      53
      53
      59
      44
      46
      63
      53
      50
      62
      53
      69
      56
      48
      61
      55
      53
      58
      60
      45
      42
      47
      50
      65
      48
      40
      52
      56
      57
      48
      53
      54
      46
      50
      47
      52
      38
      45
      51
      41
      45
      49
      42
      35
      46
      58
      54
      47
      61
      56
      54
      51
      52
      58
      50
      47
      63
      44
      43
      57
      51
      52
      52
      60
      69
      52
      61
      53
      46
      58
      45
      53
      53
      40
      40
      44
      49
      38
      51
      46
      60
      59
      50
      58
      45
      39
      49
      51
      30
      59
      61
      42
      49
      46
      42
      52
      38
      47
      43
      43
      46
      46
      38
      51
      48
      30
      34
      44
      40
      42
      42
      42
      51
      42
      46
      39
      39
      37
      49
      44
      33
      42
      38
      31
      42
      52
      41
      42
      42
      40
      40
      40
      34
      37
      39
      44
      39
      43
      25
      46
      44
      45
      38
      42
      35
      42
      33
      46
      25
      39
      46
      37
      38
      43
      32
      37
      41
      27
      37
      38
      40
      40
      24
      28
      39
      38
      24
      32
      24
      32
      32
      33
      27
      36
      35
      30
      35
      31
      22
      30
      35
      27
      23
      20
      31
      30
      29
      22
      26
      26
      39
      25
      26
      32
      30
      24
      25
      27
      22
      27
      24
      24
      37
      28
      30
      20
      24
      33
      34
      27
      23
      31
      33
      23
      34
      27
      26
      26
      26
      32
      28
      26
      28
      28
      26
      25
      19
      26
      29
      15
      35
      20
      11
      22
      38
      16
      28
      26
      22
      29
      25
      40
      27
      24
      22
      23
      26
      16
      20
      23
      17
      15
      22
      25
      22
      19
      23
      27
      29
      27
      29
      16
      27
      26
      24
      24
      19
      26
      21
      22
      21
      17
      29
      20
      28
      19
      16
      20
      19
      24
      23
      23
      20
      24
      22
      23
      17
      18
      21
      16
      20
      18
      21
      31
      19
      27
      20
      23
      22
      25
      19
      26
      21
      21
      17
      19
      18
      26
      14
      23
      22
      19
      25
      24
      24
      13
      23
      25
      18
      19
      17
      27
      18
      27
      23
      25
      23
      21
      21
      21
      19
      13
      15
      20
      19
      20
      18
      20
      14
      20
      18
      17
      12
      23
      23
      20
      21
      21
       9
      22
      23
      22
      10
      21
      22
      13
      19
      12
      20
      20
      10
      20
      19
      22
      20
      17
      18
      12
      25
      19
      18
      27
      28
      15
       8
      14
      13
      21
      26
      34
      16
      16
      14
      21
      12
      19
      26
      19
      15
      18
      18
      18
      20
      19
      15
      23
      18
      21
      19
      20
      16
      17
      19
      20
      24
      14
      22
      18
      10
      16
      11
      17
      11
      15
      23
      13
      12
      17
      16
      15
      19
      18
      16
      19
      19
      15
      18
      19
      13
      26
      11
      18
       9
      18
      14
      19
      19
      22
      16
      14
      10
       9
      14
       7
      11
      12
      13
      14
      21
      13
      14
      18
      12
      13
      16
      20
       9
       7
      15
      10
      19
      13
      13
      13
       5
      12
      12
      15
      17
      12
      13
      13
      14
      10
       9
       9
      11
      15
       9
      11
       7
      13
      13
      13
       8
      12
      22
      14
       7
      17
      12
      11
       8
      13
      13
      12
      11
      13
      17
      11
       5
      18
      10
      11
      20
      11
      14
      14
      11
       4
       9
      12
      14
      11
      17
      10
      12
       9
      15
      18
      12
       8
       7
       7
       7
      12
       9
       7
      13
      11
      10
       9
      11
      15
      11
       9
       5
      12
      10
       9
       4
      13
      10
      11
      16
      10
      10
      10
      13
      10
      11
       8
      13
      12
      11
       9
      11
      15
      10
       6
      12
      10
       9
      11
      10
      16
      10
      10
      12
       8
      14
       7
       9
       5
      10
       8
      11
      15
      11
      20
      13
      12
      10
       8
      14
       8
       9
       8
      11
       5
       7
      15
       7
       9
      18
       8
      10
      10
       5
       9
      14
       8
      11
      11
      14
       9
      21
      15
       5
      12
      15
       7
       8
       8
       8
       8
      13
      12
      11
      10
       8
      13
      12
      11
      14
      10
      11
      20
      25
      14
      16
      20
      14
      21
      18
      17
      23
      20
      14
      20
      24
      19
      19
      27
      37
      25
      27
      28
      19
      35
      29
      26
      35
      32
      31
      37
      38
      37
      52
      36
      38
      44
      49
      59
      41
      46
      52
      70
      65
      58
      74
      64
      60
      55
      71
      60
      64
      78
      76
      64
      60
      74
      61
      90
      86
      91
      71
      85
      63
      77
      84
      76
      67
      84
      78
      78
      68
      58
      73
      80
      52
      69
      63
      65
      61
      75
      69
      77
      60
      53
      52
      55
      59
      42
      41
      48
      48
      54
      44
      44
      52
      35
      33
      44
      30
      34
      30
      29
      35
      21
      22
      27
      19
      24
      16
      19
      15
      20
      16
      18
      18
       8
      15
      16
      15
      11
      15
       8
      11
      14
       9
      10
       8
      10
       6
      13
       7
      13
      10
       9
       8
       6
       6
       8
       6
       5
       6
       8
       2
       7
       3
       5
       9
       1
       4
       3
       2
       6
       5
       4
       2
       5
       7
       8
       8
       6
       3
       5
       4
       3
       3
       8
       4
       2
       7
       4
       5
       5
       0
       4
       8
       6
       5
       7
       7
       8
       3
       2
       4
       5
       4
       0
       7
       6
       5
       4
       8
      11
       4
       6
       8
       4
       5
       9
       6
       1
       4
       4
       8
       7
       7
       9
       2
       2
      11
       4
       3
       5
       6
       5
       6
       4
       4
       2
       3
       1
       3
       8
       4
       2
       5
       2
       4
       7
       8
       6
       4
       2
       5
       5
       3
       4
       7
       6
       3
       4
       8
       3
       5
       6
       4
       2
       4
       6
       3
       3
       2
       7
       2
       5
       6
       4
       5
       5
       5
       3
       2
       6
       3
       5
       4
       3
       5
       4
       3
       6
       2
       4
       2
       1
       4
       1
      10
       1
       5
       6
       0
       1
       3
       4
       6
       1
       4
       4
       2
       5
       6
       6
       1
       2
       1
       3
       4
       5
       6
       3
       6
       5
       4
       3
       1
       7
       3
       3
       4
       3
       3
       4
       6
       3
       3
       3
       5
       3
       3
       4
       5
       5
       4
       6
       3
       5
       2
       1
       2
       7
       4
       0
       1
       3
       6
       5
       3
       5
       3
       3
       4
       5
       5
       0
       4
       6
       2
       6
       1
       5
       3
       3
       1
       3
       1
       1
       8
       3
       2
       4
       8
       1
       7
       2
       0
       4
       3
       4
       2
       6
      11
       5
       6
       7
       6
       6
       3
       7
       5
       3
       3
       2
       6
       3
       4
       1
       9
       1
       6
       3
       5
       3
       4
       1
       3
       2
       3
       4
       6
       2
       5
      12
       2
       6
       4
       4
       7
       4
       2
       3
       6
       2
       4
       4
       6
       6
       4
       4
       3
       4
       1
       1
       3
       3
       5
       7
       3
       5
       2
       7
       5
       5
       1
       5
       6
       2
       7
       5
       5
       1
       4
       1
       5
       4
       2
       2
       2
       7
       0
       1
       3
       2
       3
       4
       5
       3
       4
       4
       4
       3
       2
       5
       4
       4
       7
       3
       4
       3
       2
       5
       4
       3
       2
       4
       1
       4
       3
       2
       3
       4
       4
       4
       0
       3
       4
       0
       5
       4
       2
       1
       3
       1
       5
       1
       3
       2
       7
       3
      10
       4
       3
       3
       5
       6
       4
       6
       4
       3
       1
       2
       1
       3
       6
       3
       3
       3
       5
       4
       2
       3
       5
       1
       4
       1
       5
       5
       3
       1
       0
       0
       2
       5
       1
       4
       3
       3
       3
       3
       4
       1
       3
       3
       4
       1
       3
       6
       4
       2
       0
       1
       4
       4
       4
       0
       1
       4
       1
       4
       2
       2
       3
       3
       4
       1
       2
       1
       1
       3
       4
       1
       0
       5
       3
       4
       3
       4
       5
       7
       3
       4
       0
       2
       2
       3
       4
       1
       2
       1
       2
       2
       2
       2
       2
       4
       5
       5
       7
       6
       5
       2
       3
       3
       3
       4
       4
       4
       4
       1
       4
       0
       9
       4
       7
       3
       5
       6
       6
       3
       4
       4
       3
       2
       1
       6
       2
       1
       2
       4
       5
       9
       1
       3
       4
       1
       3
       4
       3
       4
       1
       3
       4
       3
       5
       5
       2
       6
       3
       6
       2
       0
       1
       2
       2
       2
       1
       2
       3
       3
       6
       2
       5
       2
       1
       4
       6
       3
       4
       2
       2
       4
      10
       1
       3
       4
       2
       3
       1
       2
       1
       2
       7
       2
       3
       5
       3
       2
       2
       6
       3
       0
       7
       1
       4
       4
       2
       4
       0
       5
       3
       3
       3
       3
       2
       0
       4
       2
       2
       8
       4
       2
       2
       3
       3
       2
       2
       2
       3
       5
       3
       2
       1
       0
       1
       3
       7
       1
       0
       1
       3
       0
       5
       0
       3
       2
       3
       2
       3
       1
       1
       1
       3
       3
       1
       4
       5
       2
       0
       3
       2
       5
       1
       0
       4
       3
       4
       2
       2
       1
       2
       4
       5
       1
       3
       3
       1
       4
       2
       4
       3
       4
       2
       1
       3
       2
       3
       2
       8
       1
       1
       1
       3
       4
       3
       2
       4
       2
       1
       2
       4
       2
       5
       3
       0
       1
       4
       1
       3
       2
       0
       4
       2
       2
       1
       1
       3
       4
       0
       1
       2
       3
       1
       2
       1
       1
       1
       2
       3
       3
       5
       2
       0
       3
       0
       1
       3
       4
       2
       1
       2
       1
       0
       4
       1
       1
       2
       2
       0
       6
       1
       2
       3
       2
       1
       0
       2
       1
       1
       1
       1
       1
       0
       2
       3
       3
       2
       0
       1
       1
       0
       1
       1
       2
       0
       2
       3
       1
       0
       0
       3
       2
       0
       1
       1
       0
       3
       1
       3
       0
       3
       1
       3
       3
       2
       3
       2
       1
       3
       2
       0
       1
       1
       0
       1
       0
       2
       0
       3
       3
       0
       0
       1
       1
       2
       0
       3
       0
       1
       1
       1
       0
       3
       0
       1
       1
       3
       2
       2
       1
       0
       4
       0
       3
       1
       1
       0
       2
       1
       2
       1
       3
       1
       1
       4
       1
       2
       1
       1
       1
       1
       0
       1
       1
       1
       0
       0
       1
       0
       2
       0
       1
       1
       0
       0
       1
       2
       1
       3
       1
       2
       3
       0
       1
       2
       1
       3
       0
       0
       1
       6
       1
       0
       2
       4
       3
       1
       3
       3
       3
       5
       1
       1
       3
       3
       3
       1
       3
       3
       4
       1
       2
       2
       2
       2
       2
       3
       4
       4
       2
       1
       3
       2
       2
       2
       6
       4
       6
       4
       7
       6
       3
       3
       2
       1
       6
       4
       0
       5
       5
       7
       4
       4
       2
       2
       3
       3
       4
       3
       6
       5
       2
       5
       3
       6
       3
       4
       2
      10
       6
       1
       7
       4
       3
       5
       5
       3
       5
       2
       4
       8
       5
       4
       2
       2
       5
       3
       2
       6
       5
       6
       8
       7
       3
       3
       2
       5
       5
       2
       4
       8
       5
       5
       4
       2
       2
       4
       6
       3
       2
       4
       5
       0
       4
       1
       4
       3
       4
       2
       0
       3
       5
       1
       4
       3
       1
       2
       3
       2
       0
       0
       3
       4
       3
       2
       2
       1
       2
       0
       4
       2
       3
       5
       1
       0
       1
       2
       1
       2
       1
       1
       0
       3
       2
       0
       1
       2
       4
       2
       2
       1
       3
       2
       0
       0
       1
       3
       0
       1
       1
       0
       0
       3
       3
       1
       1
       0
       1
       0
       1
       1
       0
       0
       0
       0
       1
       1
       0
       3
       0
       0
       1
       2
       1
       1
       1
       1
       1
       2
       2
       3
       1
       1
       0
       0
       1
       1
       0
       1
       0
       0
       1
       1
       1
       0
       1
       1
       3
       0
       1
       0
       0
       0
       0
       1
       2
       0
       1
       0
       0
       0
       5
       1
       0
       0
       0
       0
       0
       0
       0
       0
       0
       0
       0
       0
       0
       0
       0
       0
       0
       0
       0
       0
       0
       0
       0
       0
       0
       0
       0
       0
       0
       0
       0
       0
       0
$ROI:
1
811 947
$PRESETS:
Live Time
700
0
$ENER_FIT:
0.000000 0.000000
$MCA_CAL:
3
0.000000E+000 0.000000E+000 0.000000E+000 
$SHAPE_CAL:
3
0.000000E+000 0.000000E+000 0.000000E+000
