$SPEC_ID:
No sample description was entered.
$SPEC_REM:
DET# 1
DETDESC# LAB4C1 Easy-MCA-2k SN 20066403
AP# Maestro Version 7.01
$DATE_MEA:
11/06/2024 09:59:53
$MEAS_TIM:
450 450
$DATA:
0 2047
       0
       0
       0
       0
       0
       0
       0
       0
       0
       0
       5
      10
      13
      13
       9
       9
      12
      11
       6
       9
      11
      14
      14
       9
      13
       7
      14
      19
      11
      11
      10
      12
      16
       9
      18
      17
       9
      13
      14
      17
      19
       9
      19
      20
      17
      23
      22
      15
      20
      17
      21
      11
      17
      28
      17
       8
       8
      18
      18
      11
      19
      22
      17
      11
      19
      25
      22
      20
      15
      20
      26
      22
      22
      16
      18
      17
      27
      17
      25
      24
      15
      18
      27
      18
      24
      19
      23
      29
      33
      28
      26
      28
      31
      31
      34
      29
      39
      37
      32
      36
      37
      36
      34
      58
      36
      53
      56
      49
      54
      54
      62
      57
      53
      52
      63
      46
      52
      51
      60
      50
      49
      58
      47
      40
      40
      26
      45
      52
      38
      50
      33
      39
      34
      30
      35
      33
      32
      36
      24
      42
      27
      33
      37
      32
      30
      40
      35
      27
      33
      42
      33
      27
      26
      34
      28
      34
      36
      31
      30
      42
      27
      33
      35
      30
      30
      31
      33
      30
      36
      38
      30
      32
      25
      26
      26
      31
      36
      31
      24
      33
      23
      33
      34
      22
      26
      31
      32
      30
      25
      37
      17
      24
      29
      28
      30
      23
      22
      33
      31
      31
      40
      22
      32
      22
      16
      26
      30
      42
      24
      20
      32
      15
      23
      26
      33
      25
      27
      19
      18
      27
      25
      23
      30
      13
      26
      23
      27
      21
      24
      27
      26
      22
      17
      25
      28
      33
      17
      22
      26
      28
      34
      20
      21
      16
      25
      29
      28
      23
      23
      15
      33
      29
      31
      26
      23
      21
      26
      24
      31
      26
      23
      19
      21
      24
      22
      26
      15
      16
      16
      14
      17
      18
      30
      19
      22
      21
      28
      20
      28
      18
      21
      20
      14
      12
      25
      18
      28
      29
      32
      21
      13
      20
      19
      27
      21
      22
      31
      23
      25
      22
      16
      15
      16
      25
      12
      11
      26
      19
      17
      20
      24
      26
      16
      19
      24
      23
      22
      21
      22
      15
      14
      26
      22
      23
      23
      28
      25
      22
      19
      20
      15
      14
      16
      20
      15
      25
      27
      23
      17
      13
      16
      19
      19
      11
      13
      19
      13
      25
      20
      25
      16
      18
      12
      10
      22
      22
      19
      14
      15
      24
      15
      13
      20
       9
       9
      18
      17
      11
      16
      16
      15
      17
      14
      14
      11
      18
      20
      18
      13
      14
      16
      14
      13
       9
      16
      16
       9
      18
      12
      17
      11
      12
      17
      11
       8
      13
      21
      14
       9
      16
       6
      13
      11
      11
      12
      14
      18
       8
      15
      16
      11
      14
      16
      14
      13
      14
      22
      13
      15
       8
      16
      11
      14
      16
      15
      17
      10
      15
       6
      15
      14
      10
      17
      15
      15
      13
      12
      17
      15
      19
      10
      18
      15
       7
      18
       6
      17
       7
      13
       9
      10
       8
      14
      11
       9
      11
      12
      17
      12
      10
      10
      10
      13
      22
      10
      20
      17
       6
      14
      15
      10
      18
       7
      14
      11
      19
      11
      14
      14
      15
      11
      20
      13
      13
      13
       9
       8
       9
       7
      11
      17
      18
      12
      22
       9
      11
      14
       7
       8
      15
       8
      12
      18
      13
       6
      12
      11
      15
      15
      13
      10
      14
      14
       7
       9
       9
      12
      10
      10
      11
      10
      16
       4
      10
      20
      13
      13
       9
      13
      16
       9
      12
      12
       8
      14
      20
      16
       8
       9
       9
      13
      13
      10
      12
      16
       5
      16
      16
       3
      13
      10
      16
      13
       4
      13
      17
      11
       9
      14
      13
       8
       8
      13
      10
      10
      10
      10
       7
      12
      14
       8
       4
       8
      10
      12
      12
       7
      11
      10
       9
      11
       6
       9
       5
      11
       8
      17
       7
      12
      12
      16
      13
      12
       8
      13
      10
      11
       9
      13
       6
      14
      10
       7
       2
      10
      14
      10
       8
      11
       8
       8
      11
       6
      11
      11
       7
      12
      11
       9
       5
       5
       8
       7
      10
      11
      10
       6
       5
       9
       7
      11
       9
      12
       6
       6
      12
      10
       7
      10
      11
       5
       9
      10
      14
      17
       9
       4
      11
       7
       7
      10
      10
      13
       6
      11
      11
       5
       5
       9
       5
       6
       7
       7
       4
       9
       7
       7
       7
      10
       2
       9
       6
      11
       8
      10
       6
       7
       9
       8
       8
       8
       6
       8
       7
       4
      11
       8
      10
      10
       6
       5
       7
       6
       4
       7
       7
       6
       3
       5
      12
       6
       7
      10
       8
       6
       9
       5
       2
      13
      17
       3
       7
       7
       8
       7
       7
      10
       8
      11
      10
       6
      10
       9
       5
       7
       8
       5
       3
       8
       7
       4
       3
       5
       7
      11
       5
       4
       3
       5
       9
       6
       8
       7
       8
       2
       7
       2
       4
       3
       4
       7
       4
       3
       5
       8
       6
       5
      10
       6
       5
       5
       5
       4
       5
       5
       9
       6
       4
       5
       4
       5
      11
       7
       6
       7
       9
       8
       8
       6
       6
       3
       3
       3
       6
       5
       4
       6
       1
      10
       7
       1
       6
       8
       9
       7
      14
       4
       9
       4
      10
       7
       5
       7
       6
       4
       5
       7
      10
       9
       4
       6
       5
       8
      10
       9
       7
       7
       5
       8
       9
      11
      10
       7
       6
       5
       5
       9
       7
      11
       7
      10
       9
      14
      13
       8
       9
      15
      13
      17
      13
       8
      13
      16
       7
      13
      20
      11
      21
       9
      22
      20
      13
      14
      16
      23
      28
      22
      32
      34
      29
      21
      30
      28
      23
      32
      31
      26
      24
      21
      39
      33
      44
      41
      43
      34
      38
      46
      44
      34
      34
      27
      34
      33
      27
      35
      44
      38
      37
      37
      31
      36
      34
      37
      38
      28
      40
      33
      26
      26
      32
      27
      36
      38
      28
      29
      29
      30
      29
      22
      25
      21
      30
      25
      17
      11
      21
      20
      28
      18
      16
      19
      23
      28
      15
      16
      15
      12
      11
      12
      18
       6
       9
       8
      12
      12
      12
      10
       8
      11
       6
       4
       4
       8
       6
       4
       5
       3
       9
       3
       6
       1
       3
       3
       2
       5
       6
       0
       3
       1
       5
       6
       4
       3
       3
       7
       1
       4
       4
       3
       3
       2
       2
       1
       2
       3
       4
       3
       2
       4
       4
       9
       4
       4
       3
       2
       2
       6
       1
       1
       2
       6
       1
       2
       2
       0
       4
       3
       6
       3
       2
       3
       1
       2
       3
       0
       3
       1
       3
       0
       3
       2
       1
       4
       1
       3
       3
       1
       4
       1
       0
       1
       2
       3
       5
       2
       2
       2
       2
       3
       5
       3
       3
       5
       3
       3
       1
       7
       1
       3
       1
       0
       5
       3
       3
       3
       3
       1
       2
       3
       1
       1
       4
       4
       2
       6
       4
       1
       4
       5
       2
       3
       3
       5
       4
       1
       2
       4
       0
       4
       3
       1
       4
       4
       2
       0
       4
       4
       4
       1
       2
       2
       3
       4
       2
       4
       4
       3
       4
       1
       5
       1
       3
       2
       4
       1
       5
       1
       3
       2
       0
       3
       3
       4
       0
       3
       1
       1
       5
       4
       2
       2
       2
       1
       4
       2
       3
       1
       2
       2
       2
       0
       1
       3
       6
       2
       2
       1
       2
       2
       4
       3
       2
       1
       1
       0
       2
       2
       5
       1
       2
       2
       2
       3
       1
       4
       3
       2
       1
       1
       1
       0
       1
       3
       8
       3
       1
       1
       1
       5
       2
       1
       2
       3
       5
       0
       0
       4
       2
       2
       0
       2
       1
       5
       3
       4
       2
       2
       0
       4
       0
       3
       2
       1
       1
       4
       2
       5
       4
       3
       5
       4
       3
       2
       1
       3
       3
       3
       3
       1
       1
       1
       4
       3
       1
       4
       3
       4
       2
       6
       2
       2
       4
       3
       0
       1
       3
       3
       1
       2
       3
       5
       3
       5
       0
       3
       2
       3
       2
       1
       1
       2
       1
       0
       1
       4
       3
       3
       2
       3
       5
       2
       4
       4
       3
       1
       3
       2
       1
       1
       4
       1
       1
       3
       3
       4
       8
       3
       1
       2
       3
       2
       2
       0
       3
       4
       3
       3
       2
       0
       1
       1
       0
       3
       4
       3
       3
       2
       4
       2
       2
       1
       0
       5
       2
       2
       5
       3
       1
       5
       0
       1
       5
       3
       0
       3
       0
       4
       1
       3
       0
       0
       3
       4
       6
       3
       1
       3
       2
       0
       1
       2
       1
       5
       3
       2
       3
       5
       1
       0
       1
       3
       1
       1
       3
       2
       2
       1
       0
       0
       6
       2
       2
       0
       2
       4
       2
       1
       2
       2
       2
       2
       0
       2
       1
       2
       4
       4
       4
       1
       1
       1
       1
       2
       3
       0
       1
       5
       3
       2
       1
       3
       2
       1
       3
       6
       3
       1
       3
       2
       6
       1
       3
       0
       2
       4
       0
       3
       1
       3
       2
       3
       3
       3
       3
       3
       2
       2
       3
       1
       0
       1
       6
       2
       1
       3
       0
       0
       6
       0
       2
       3
       2
       1
       1
       1
       2
       1
       2
       3
       4
       3
       2
       1
       3
       0
       2
       1
       1
       0
       0
       2
       3
       3
       2
       3
       2
       6
       3
       1
       3
       3
       3
       2
       2
       4
       1
       2
       4
       5
       1
       3
       1
       1
       2
       1
       3
       4
       5
       3
       0
       0
       2
       2
       2
       2
       4
       3
       3
       2
       2
       2
       1
       0
       1
       4
       2
       4
       3
       0
       0
       2
       3
       3
       1
       2
       0
       5
       0
       2
       1
       1
       0
       1
       1
       2
       0
       4
       1
       2
       7
       2
       1
       3
       3
       1
       1
       1
       2
       2
       1
       2
       2
       2
       0
       1
       5
       1
       4
       2
       2
       4
       0
       1
       2
       3
       1
       2
       2
       3
       1
       1
       2
       3
       0
       1
       5
       0
       2
       1
       4
       1
       0
       0
       1
       0
       0
       1
       2
       1
       1
       2
       0
       1
       1
       1
       1
       2
       1
       0
       4
       1
       2
       2
       2
       1
       1
       1
       1
       1
       2
       3
       0
       2
       1
       2
       2
       3
       1
       1
       0
       2
       1
       1
       0
       1
       0
       1
       3
       1
       0
       1
       0
       0
       1
       1
       1
       2
       0
       0
       3
       1
       3
       0
       2
       0
       0
       2
       0
       2
       0
       3
       0
       0
       1
       1
       2
       1
       3
       0
       0
       0
       0
       2
       0
       1
       0
       0
       2
       1
       0
       2
       1
       2
       2
       2
       3
       2
       0
       3
       1
       0
       0
       1
       0
       1
       2
       0
       1
       1
       0
       1
       0
       2
       1
       0
       0
       2
       2
       3
       1
       0
       1
       0
       1
       0
       1
       1
       1
       1
       1
       2
       1
       1
       1
       1
       1
       1
       0
       0
       1
       3
       2
       1
       2
       0
       2
       0
       0
       1
       2
       0
       0
       0
       0
       1
       1
       1
       1
       0
       2
       1
       2
       0
       0
       1
       0
       2
       1
       0
       1
       1
       1
       2
       1
       0
       0
       0
       2
       0
       0
       1
       2
       1
       0
       2
       3
       1
       2
       1
       1
       2
       0
       2
       0
       1
       0
       0
       1
       1
       0
       1
       1
       1
       1
       2
       1
       1
       0
       0
       4
       0
       1
       0
       1
       1
       2
       1
       1
       1
       3
       0
       0
       1
       0
       3
       2
       3
       1
       1
       1
       0
       1
       1
       1
       1
       1
       2
       2
       1
       0
       0
       0
       1
       2
       0
       0
       0
       1
       0
       0
       1
       0
       1
       2
       1
       1
       0
       0
       2
       0
       1
       1
       2
       0
       1
       3
       0
       1
       2
       3
       2
       1
       1
       0
       0
       3
       2
       2
       1
       0
       0
       2
       3
       2
       1
       2
       0
       0
       1
       2
       1
       1
       0
       1
       1
       1
       1
       1
       3
       2
       2
       4
       2
       0
       0
       2
       0
       2
       4
       5
       4
       2
       3
       0
       2
       2
       4
       4
       1
       2
       3
       1
       1
       1
       4
       2
       2
       4
       1
       1
       0
       0
       1
       2
       3
       2
       5
       4
       2
       5
       3
       4
       4
       4
       6
       2
       3
       6
       3
       2
       0
       0
       1
       1
       2
       2
       2
       4
       2
       1
       2
       3
       1
       6
       2
       0
       4
       3
       0
       2
       3
       4
       2
       2
       1
       3
       0
       2
       1
       2
       3
       3
       1
       2
       1
       3
       2
       2
       2
       2
       4
       1
       2
       0
       2
       0
       1
       3
       2
       0
       1
       1
       1
       2
       4
       3
       2
       4
       1
       3
       0
       1
       2
       1
       3
       3
       1
       0
       0
       2
       2
       1
       0
       2
       2
       0
       2
       2
       1
       0
       5
       0
       1
       1
       0
       1
       1
       1
       0
       0
       0
       0
       1
       3
       1
       0
       1
       0
       0
       1
       1
       0
       0
       1
       0
       0
       1
       0
       1
       2
       0
       1
       0
       1
       0
       0
       1
       0
       0
       3
       2
       2
       3
       0
       0
       1
       1
       1
       0
       1
       1
       0
       0
       0
       0
       2
       0
       0
       0
       0
       0
       0
       0
       0
       0
       0
       0
       0
       0
       0
       0
       0
       0
       0
       0
       0
       0
       0
       0
       0
       0
       0
       0
       0
       0
       0
       0
       0
$ROI:
1
828 941
$PRESETS:
Live Time
450
0
$ENER_FIT:
0.000000 0.000000
$MCA_CAL:
3
0.000000E+000 0.000000E+000 0.000000E+000 
$SHAPE_CAL:
3
0.000000E+000 0.000000E+000 0.000000E+000
