$SPEC_ID:
No sample description was entered.
$SPEC_REM:
DET# 1
DETDESC# LAB4C1 Easy-MCA-2k SN 20066403
AP# Maestro Version 7.01
$DATE_MEA:
11/06/2024 10:16:58
$MEAS_TIM:
450 450
$DATA:
0 2047
       0
       0
       0
       0
       0
       0
       0
       0
       0
       0
      13
      19
      14
      16
       8
       9
      15
      11
      16
      10
       7
      12
      16
      11
       5
      12
      16
      17
      11
       9
      13
      11
      17
       8
      17
      11
      12
      14
      17
      18
      16
      20
      20
      19
      16
      11
      14
      16
      16
      16
      17
      11
      16
      17
      19
      21
       7
      19
      12
      23
      15
      15
      19
      22
      22
      25
      21
      17
      12
      20
      19
      29
      21
      20
      20
      28
      20
      24
      28
      14
      17
      27
      29
      27
      24
      21
      24
      21
      25
      23
      36
      25
      30
      22
      25
      33
      33
      26
      44
      33
      43
      43
      45
      49
      44
      45
      37
      59
      50
      45
      42
      52
      51
      55
      55
      49
      51
      58
      54
      39
      48
      42
      43
      54
      58
      36
      40
      45
      45
      37
      36
      43
      44
      32
      29
      47
      39
      44
      25
      37
      37
      35
      31
      36
      36
      47
      27
      37
      26
      30
      39
      43
      27
      30
      40
      38
      31
      30
      33
      32
      34
      34
      34
      27
      26
      28
      30
      30
      29
      30
      27
      33
      30
      30
      34
      39
      28
      34
      32
      35
      29
      27
      31
      35
      29
      24
      29
      30
      22
      32
      30
      29
      26
      32
      16
      42
      22
      39
      34
      31
      20
      28
      18
      31
      33
      40
      27
      28
      28
      38
      28
      24
      19
      24
      28
      26
      28
      23
      20
      30
      18
      34
      26
      20
      30
      28
      30
      26
      31
      30
      22
      28
      22
      21
      21
      14
      37
      32
      20
      23
      31
      25
      26
      29
      21
      18
      23
      19
      20
      25
      22
      22
      13
      22
      22
      23
      24
      26
      23
      26
      26
      17
      20
      30
      21
      17
      30
      17
      19
      24
      23
      28
      26
      18
      27
      22
      24
      16
      21
      25
      23
      20
      29
      23
      17
      20
      23
      19
      19
      20
      25
      18
      19
      22
      25
      29
      12
      24
      20
      18
      22
      19
      18
      22
      24
      24
      18
      19
      22
      16
      13
      20
      26
      19
      16
      21
      18
      24
      19
      28
      20
      22
      22
      21
      31
      15
      26
      13
      19
      19
      25
      32
      20
      18
      16
      19
      18
      16
      14
      12
      14
       9
      19
      18
      13
      23
      13
      14
      28
      20
      13
      32
      19
       9
      18
      16
      11
      19
      22
      19
      20
      14
      15
      16
      15
      22
      18
      20
      17
      14
      16
      17
      19
      15
      20
      15
      13
      20
      11
       9
      19
      12
      15
      13
      14
      18
      13
      13
      19
      14
      24
      12
      11
      10
      19
      17
      14
      20
      15
      16
      14
      13
       9
      18
      21
      17
      19
      14
      13
      14
      16
      14
      14
      13
      10
      24
      15
      14
      13
      10
      12
      19
      10
      21
      13
      17
      13
      13
      16
      13
       6
      20
      14
      14
      11
      12
      17
      12
      15
      16
      14
      12
      14
      11
      14
      16
      23
       9
      16
       9
      15
      11
      16
      15
      13
      13
      17
      25
      12
      11
      16
       9
      13
      14
      12
      15
      20
      11
      10
      19
      17
      12
      11
      14
      19
      18
      12
      14
      13
      13
      11
      18
      11
      13
      21
      17
      10
      11
       8
      13
      18
      11
      15
      14
      10
      12
      12
      17
      16
       7
       9
      17
      13
      13
       9
      11
      16
      19
       8
      12
       5
      14
      11
      12
      14
      11
      12
      18
      13
      10
      14
      12
      14
       8
      12
      15
      11
      13
      11
      16
      15
      19
      14
      11
       8
      10
       7
      11
      11
      10
      13
      19
       8
      13
       5
      13
      14
      20
      10
      11
       6
      12
      14
      19
      11
       6
      17
       7
      12
      10
      12
       8
      15
      14
      15
      14
      16
       9
      11
      14
       8
       7
       8
       9
       6
      11
      12
       6
       9
      10
      14
      15
      15
       8
       8
       5
       8
      10
      13
      10
      14
       9
      10
      14
      12
       8
       9
      12
      14
      12
       7
      14
      12
       9
      10
      13
      15
       8
       9
       9
       7
       5
       7
       5
       7
       8
       8
      13
       6
       8
      12
      14
       8
       8
       7
      12
       6
       8
       8
      16
      13
       7
       7
       9
      11
      13
       7
       4
      13
       7
       9
       8
      10
      12
       5
      11
       6
       8
       4
       9
       9
       8
       5
       6
       7
       9
       6
       8
      13
      11
       8
       8
       7
      10
       5
       9
       8
       5
      18
      16
       7
       7
       8
       6
      11
      10
       7
       6
       7
       5
      10
       4
      10
      10
       9
       4
       8
      13
      11
      15
      10
      10
      10
       2
       6
       6
       5
       9
       9
       7
       9
      11
       3
       4
      11
       9
       6
       9
       9
      10
       8
       9
       7
       5
      11
       7
      10
       3
       8
       8
       2
       6
       7
       5
       4
       9
       6
      10
       7
       3
       3
       5
       9
       7
       6
       6
       7
       8
       6
       6
       5
       9
       6
       8
       6
       9
       9
      10
       6
       7
       9
       1
       9
       4
       4
       5
       5
       5
       5
       8
       9
       5
       3
       5
      12
       8
       5
       2
      11
       7
      12
       8
      12
       1
       3
      10
       8
      12
      10
       9
      10
       9
       1
       9
       9
       5
       4
       6
       4
      10
       4
       8
       7
       7
       6
       9
       7
       2
       7
       9
       3
      10
       3
      11
       8
       9
       5
       4
       8
       9
       2
       7
       8
       4
       9
      14
       8
      11
       7
       9
       8
      10
      10
      10
       5
      10
       6
       9
      13
       9
      15
       8
      15
       8
      19
      12
      20
      13
      13
      14
      17
      19
      22
      28
      23
      12
      18
      18
      21
      21
      24
      30
      19
      24
      34
      25
      32
      29
      39
      44
      34
      34
      41
      30
      43
      37
      38
      42
      42
      38
      40
      46
      34
      44
      49
      44
      47
      37
      45
      42
      56
      47
      39
      38
      32
      47
      35
      39
      43
      45
      46
      42
      42
      41
      42
      39
      34
      44
      47
      36
      33
      34
      31
      49
      22
      27
      31
      30
      28
      28
      31
      39
      27
      29
      25
      19
      23
      27
      24
      18
      27
      19
      20
      18
      10
      10
      16
      20
      10
      14
      14
      11
      10
      15
      12
       9
      12
      11
       9
      11
       5
       6
      10
      14
       8
       5
       7
       2
       6
       4
       5
       5
       3
       5
       6
       2
       3
       2
       4
       6
       3
       5
       1
       3
       1
       3
       7
       6
       5
       0
       5
       2
       5
       4
       1
       2
       2
       5
       3
       3
       1
       2
       3
       4
       2
       3
       2
       2
       1
       3
       2
       2
       1
       1
       5
       1
       3
       2
       1
       2
       1
       3
       2
       4
       1
       4
       4
       4
       5
       2
       3
       2
       3
       5
       3
       2
       0
       6
       1
       6
       2
       2
       2
       2
       3
       1
       3
       4
       1
       2
       2
       5
       0
       3
       4
       3
       5
       3
       3
       2
       3
       4
       3
       3
       3
       2
       2
       2
       2
       2
       1
       3
       4
       4
       5
       2
       2
       3
       2
       4
       1
       2
       2
       0
       3
       0
       4
       4
       1
       1
       3
       3
       2
       3
       4
       0
       3
       0
       8
       0
       3
       1
       4
       3
       3
       2
       0
       2
       4
       2
       2
       1
       4
       2
       4
       4
       5
       2
       4
       5
       3
       2
       1
       2
       4
       2
       6
       1
       1
       4
       0
       5
       5
       4
       0
       4
       3
       0
       2
       3
       1
       1
       5
       4
       4
       0
       0
       0
       2
       5
       3
       2
       4
       3
       0
       1
       2
       4
       4
       4
       1
       2
       0
       3
       3
       1
       5
       1
       1
       2
       3
       5
       3
       1
       3
       1
       3
       1
       3
       2
       4
       1
       5
       5
       2
       2
       3
       4
       3
       2
       5
       4
       5
       1
       2
       1
       3
       0
       3
       2
       1
       4
       3
       6
       2
       1
       1
       0
       1
       1
       0
       1
       0
       2
       2
       1
       1
       3
       2
       0
       4
       5
       2
       6
       2
       1
       6
       2
       0
       2
       2
       1
       1
       4
       3
       4
       1
       4
       4
       2
       1
       1
       4
       2
       1
       1
       2
       1
       0
       3
       3
       3
       2
       2
       5
       2
       4
       3
       4
       3
       3
       2
       2
       1
       5
       4
       5
       2
       5
       4
       0
       0
       2
       1
       6
       1
       0
       6
       0
       4
       0
       2
       3
       1
       3
       2
       3
       2
       1
       2
       1
       6
       2
       1
       2
       1
       0
       3
       2
       0
       3
       0
       3
       3
       0
       3
       5
       1
       2
       3
       6
       1
       1
       3
       2
       0
       1
       4
       2
       4
       2
       2
       2
       2
       1
       2
       2
       1
       4
       5
       0
       4
       3
       1
       1
       0
       3
       1
       0
       0
       3
       1
       3
       0
       1
       2
       4
       2
       0
       1
       0
       1
       4
       0
       5
       2
       1
       2
       3
       3
       3
       1
       1
       2
       0
       2
       3
       1
       1
       1
       1
       0
       3
       3
       2
       3
       5
       1
       0
       1
       3
       2
       2
       2
       0
       1
       3
       4
       2
       3
       1
       0
       0
       3
       0
       3
       2
       3
       2
       4
       2
       1
       3
       1
       3
       0
       1
       1
       1
       2
       1
       1
       0
       2
       0
       2
       4
       0
       3
       1
       3
       1
       1
       1
       2
       0
       1
       4
       0
       0
       2
       1
       4
       2
       2
       2
       2
       2
       2
       0
       2
       3
       1
       2
       2
       2
       3
       2
       0
       3
       3
       3
       3
       2
       2
       1
       2
       1
       2
       2
       1
       1
       4
       0
       1
       8
       4
       1
       0
       5
       4
       0
       0
       1
       2
       7
       0
       1
       1
       1
       1
       1
       2
       1
       0
       3
       1
       3
       2
       2
       3
       4
       0
       2
       3
       2
       0
       4
       2
       1
       3
       3
       7
       2
       1
       1
       0
       1
       2
       1
       3
       2
       0
       3
       2
       0
       0
       1
       0
       1
       2
       0
       2
       0
       5
       1
       2
       1
       2
       2
       2
       0
       2
       2
       1
       1
       1
       1
       3
       3
       4
       1
       0
       0
       2
       5
       0
       2
       3
       0
       1
       3
       1
       0
       4
       1
       4
       0
       0
       1
       1
       2
       0
       1
       1
       1
       0
       0
       3
       0
       1
       1
       3
       1
       2
       2
       0
       0
       3
       2
       1
       1
       0
       4
       0
       0
       3
       1
       1
       2
       1
       3
       0
       2
       3
       1
       2
       3
       2
       1
       0
       2
       2
       2
       1
       0
       2
       3
       0
       4
       1
       1
       1
       1
       0
       3
       1
       0
       1
       2
       0
       5
       1
       0
       0
       1
       1
       0
       0
       3
       2
       2
       1
       1
       0
       1
       1
       0
       0
       1
       3
       1
       0
       1
       0
       0
       0
       0
       2
       2
       0
       0
       0
       1
       0
       1
       0
       1
       3
       3
       1
       1
       0
       3
       0
       0
       3
       0
       1
       0
       1
       2
       2
       0
       0
       0
       0
       1
       2
       1
       3
       1
       2
       1
       0
       0
       2
       0
       0
       0
       0
       1
       1
       2
       0
       1
       2
       1
       1
       0
       1
       0
       2
       0
       2
       0
       0
       0
       0
       1
       0
       0
       1
       1
       1
       0
       1
       3
       2
       0
       1
       0
       0
       2
       2
       0
       0
       0
       0
       0
       0
       1
       1
       0
       2
       1
       0
       1
       1
       2
       1
       1
       0
       1
       0
       1
       0
       1
       1
       1
       1
       0
       0
       1
       1
       0
       2
       0
       1
       2
       0
       0
       0
       0
       1
       0
       1
       1
       0
       0
       0
       1
       2
       3
       2
       2
       1
       1
       1
       0
       1
       0
       1
       1
       0
       1
       2
       3
       1
       0
       1
       4
       1
       1
       0
       0
       2
       0
       0
       0
       1
       0
       3
       0
       2
       0
       3
       2
       0
       3
       2
       0
       2
       1
       1
       2
       1
       3
       0
       0
       0
       0
       0
       2
       0
       0
       3
       1
       2
       2
       1
       1
       2
       2
       2
       4
       2
       1
       4
       1
       2
       6
       2
       1
       3
       2
       0
       0
       1
       1
       1
       2
       2
       1
       1
       3
       1
       3
       0
       1
       3
       2
       2
       1
       4
       6
       1
       1
       6
       4
       4
       4
       0
       0
       6
       1
       5
       1
       1
       4
       8
       1
       4
       1
       3
       4
       2
       5
       2
       0
       1
       2
       0
       1
       3
       2
       0
       0
       1
       2
       4
       1
       1
       0
       1
       1
       4
       3
       4
       0
       4
       2
       2
       4
       2
       4
       5
       0
       5
       2
       3
       2
       2
       1
       4
       1
       2
       3
       0
       3
       1
       2
       3
       1
       3
       2
       3
       2
       2
       1
       1
       3
       4
       2
       3
       0
       0
       2
       2
       1
       2
       1
       2
       3
       3
       3
       0
       1
       1
       2
       0
       2
       1
       1
       0
       2
       0
       1
       2
       0
       0
       3
       4
       1
       0
       0
       1
       1
       0
       2
       1
       1
       0
       4
       3
       4
       1
       0
       2
       1
       0
       1
       0
       1
       1
       0
       0
       0
       2
       1
       1
       1
       0
       1
       0
       1
       1
       1
       1
       2
       2
       1
       1
       3
       0
       0
       1
       0
       2
       0
       0
       0
       0
       0
       0
       2
       1
       0
       1
       0
       0
       0
       1
       0
       2
       1
       0
       0
       0
       0
       0
       0
       0
       0
       0
       0
       0
       0
       0
       0
       0
       0
       0
       0
       0
       0
       0
       0
       0
       0
       0
       0
       0
       0
       0
       0
       0
       0
$ROI:
0
$PRESETS:
Live Time
450
0
$ENER_FIT:
0.000000 0.000000
$MCA_CAL:
3
0.000000E+000 0.000000E+000 0.000000E+000 
$SHAPE_CAL:
3
0.000000E+000 0.000000E+000 0.000000E+000
