$SPEC_ID:
No sample description was entered.
$SPEC_REM:
DET# 1
DETDESC# LAB4C1 Easy-MCA-2k SN 20066403
AP# Maestro Version 7.01
$DATE_MEA:
11/06/2024 11:02:14
$MEAS_TIM:
98 99
$DATA:
0 2047
       0
       0
       0
       0
       0
       0
       1
       0
       0
       0
      13
      33
      41
      23
      30
      24
      21
      25
      22
      18
      26
      24
      22
      20
      26
      21
      28
      21
      17
      22
      27
      26
      22
      18
      26
      43
      21
      36
      32
      37
      46
      51
      59
      76
      80
      96
     110
     156
     149
     207
     205
     187
     175
     157
     124
     134
      94
      76
      72
      64
      49
      34
      34
      39
      28
      40
      21
      33
      32
      27
      31
      28
      30
      27
      25
      37
      32
      34
      32
      25
      38
      26
      31
      40
      31
      28
      24
      28
      30
      20
      27
      36
      25
      31
      32
      38
      44
      35
      25
      34
      43
      50
      31
      37
      40
      35
      37
      44
      64
      36
      47
      44
      53
      46
      51
      45
      49
      53
      38
      46
      38
      41
      40
      45
      39
      39
      34
      37
      34
      32
      37
      38
      43
      34
      34
      30
      23
      23
      34
      36
      27
      32
      32
      33
      38
      24
      21
      25
      32
      34
      35
      32
      35
      34
      30
      35
      34
      32
      28
      26
      23
      28
      25
      34
      28
      28
      27
      25
      32
      38
      36
      37
      23
      33
      34
      33
      23
      25
      34
      29
      28
      24
      30
      30
      25
      36
      29
      29
      36
      40
      18
      16
      30
      32
      40
      36
      32
      39
      28
      40
      32
      31
      46
      25
      42
      29
      35
      32
      29
      31
      29
      27
      26
      32
      25
      37
      30
      37
      28
      24
      29
      24
      19
      28
      32
      28
      33
      23
      25
      35
      22
      20
      24
      23
      32
      41
      45
      34
      28
      35
      27
      32
      32
      31
      36
      30
      40
      23
      39
      31
      39
      25
      33
      43
      27
      34
      41
      37
      55
      44
      32
      37
      31
      35
      38
      32
      38
      43
      30
      39
      37
      40
      36
      38
      29
      33
      32
      37
      35
      36
      33
      27
      38
      28
      33
      27
      35
      32
      27
      28
      35
      32
      29
      40
      38
      35
      19
      31
      24
      41
      27
      30
      34
      30
      40
      36
      34
      26
      33
      31
      31
      26
      38
      24
      23
      27
      38
      36
      35
      27
      31
      30
      37
      27
      37
      39
      40
      26
      39
      34
      26
      39
      34
      39
      32
      41
      35
      36
      42
      35
      28
      27
      21
      29
      31
      44
      24
      27
      20
      28
      30
      27
      34
      22
      29
      25
      19
      35
      34
      46
      32
      25
      30
      35
      35
      31
      24
      26
      25
      24
      33
      20
      27
      26
      22
      24
      30
      29
      30
      32
      25
      30
      48
      35
      28
      19
      35
      40
      30
      31
      31
      29
      36
      31
      39
      28
      26
      32
      32
      32
      27
      30
      29
      23
      26
      20
      34
      26
      33
      46
      31
      23
      31
      29
      28
      34
      30
      33
      31
      28
      32
      22
      32
      27
      38
      35
      25
      25
      30
      31
      27
      20
      26
      36
      30
      20
      26
      20
      30
      29
      23
      32
      25
      24
      26
      30
      25
      22
      26
      17
      34
      22
      27
      22
      24
      25
      24
      22
      28
      22
      27
      33
      33
      24
      34
      21
      26
      25
      22
      23
      24
      29
      37
      32
      18
      27
      41
      30
      32
      20
      26
      26
      33
      21
      16
      32
      31
      27
      29
      22
      23
      29
      31
      19
      25
      25
      21
      28
      26
      24
      21
      18
      38
      32
      33
      25
      21
      27
      32
      26
      26
      29
      25
      24
      20
      26
      25
      26
      18
      27
      31
      24
      20
      24
      24
      21
      23
      30
      21
      17
      30
      29
      28
      33
      22
      27
      17
      23
      27
      27
      32
      22
      28
      29
      24
      24
      22
      28
      24
      28
      24
      30
      19
      28
      16
      28
      28
      21
      41
      24
      28
      25
      27
      21
      26
      20
      27
      25
      26
      23
      31
      28
      30
      27
      21
      20
      19
      25
      27
      21
      28
      25
      20
      34
      23
      23
      19
      29
      30
      19
      26
      22
      17
      23
      25
      27
      31
      25
      24
      28
      25
      22
      25
      23
      32
      29
      19
      31
      27
      14
      30
      27
      17
      30
      36
      22
      24
      16
      24
      28
      26
      26
      13
      17
      20
      15
      27
      17
      20
      19
      13
      22
      17
      15
      19
      19
      19
      23
      18
      17
      22
      17
      18
      15
      16
      12
      15
      17
      13
      12
      12
      13
      14
      16
       9
      12
      11
      14
      20
      15
      14
      12
      12
      15
      18
      16
      11
       9
      16
      18
      12
      14
      16
      18
       9
      12
      11
      10
      13
      11
      13
       9
      18
      17
      14
      13
      14
      10
      17
      12
      19
      13
      12
      15
      12
      10
      15
      12
      13
      11
      10
      13
       5
       9
      11
      10
       6
       8
      17
      15
      11
       8
       9
      12
      12
      11
      12
      13
       9
      10
      11
      12
      10
      10
      13
       5
      17
      12
       9
       9
      15
       8
       8
      11
      12
      14
      13
       7
      14
      14
       5
       9
      12
       5
      14
       7
       3
      16
       6
      12
      11
       6
       9
      15
      12
       6
      12
       8
       9
       4
      13
       6
      11
      13
       6
       5
       7
       5
      10
       9
       9
      13
       7
       8
      16
      10
      10
      11
      21
      12
       6
       9
      12
      13
      13
      12
      11
      10
      11
      13
      14
      12
      13
      11
      15
      11
      20
      15
      11
      15
      20
      10
      12
      22
      15
       9
      16
      11
      10
      19
      12
      20
      17
      18
      20
      20
      26
      16
      31
      15
      19
      20
      45
      36
      35
      46
      27
      34
      43
      38
      40
      36
      69
      49
      40
      64
      40
      64
      53
      72
      86
      66
      75
      79
      88
      82
     118
     107
     110
     121
     123
     119
     123
     121
     140
     135
     156
     130
     153
     166
     151
     170
     170
     178
     153
     177
     184
     209
     177
     187
     182
     179
     199
     229
     185
     189
     221
     229
     195
     206
     215
     218
     222
     207
     216
     242
     197
     206
     174
     210
     203
     190
     206
     183
     157
     169
     159
     156
     156
     158
     150
     154
     142
     140
     138
     151
     111
     116
     112
     117
     101
      89
     110
      88
      84
     101
      83
      81
      80
      65
      58
      69
      43
      51
      49
      51
      47
      37
      31
      33
      33
      37
      25
      25
      25
      23
      32
      23
      21
      23
      22
      18
      19
      14
      19
      10
       5
       8
       9
       7
      11
      11
       5
       3
       2
       2
       8
       2
       4
       2
       1
       3
       3
       4
       2
       2
       3
       2
       0
       2
       2
       1
       1
       1
       0
       0
       2
       1
       1
       0
       0
       1
       0
       3
       1
       0
       2
       1
       0
       2
       1
       2
       2
       1
       0
       2
       0
       0
       1
       1
       1
       0
       1
       1
       0
       0
       0
       1
       1
       0
       1
       0
       0
       1
       0
       1
       1
       0
       2
       1
       1
       1
       1
       1
       1
       1
       0
       1
       2
       1
       0
       1
       0
       0
       4
       2
       0
       0
       2
       1
       0
       1
       2
       0
       0
       0
       2
       1
       3
       3
       0
       1
       0
       1
       0
       0
       0
       1
       3
       1
       1
       0
       1
       2
       0
       1
       0
       0
       2
       1
       1
       2
       1
       0
       2
       0
       1
       1
       0
       0
       0
       1
       0
       1
       0
       0
       0
       1
       0
       1
       2
       0
       0
       0
       0
       1
       0
       0
       0
       0
       3
       0
       1
       0
       1
       0
       1
       1
       0
       2
       0
       1
       0
       0
       0
       0
       1
       0
       0
       0
       1
       0
       1
       0
       3
       1
       1
       1
       0
       1
       1
       0
       3
       0
       0
       1
       1
       0
       1
       0
       2
       1
       0
       0
       2
       0
       1
       0
       2
       0
       1
       0
       1
       1
       1
       0
       0
       1
       0
       0
       0
       1
       1
       0
       0
       2
       0
       0
       1
       0
       0
       0
       0
       1
       0
       0
       1
       1
       0
       2
       0
       0
       1
       0
       0
       0
       0
       2
       0
       1
       1
       1
       1
       0
       0
       0
       0
       1
       1
       0
       0
       2
       0
       2
       0
       2
       2
       1
       1
       0
       0
       0
       1
       0
       0
       0
       0
       0
       0
       1
       0
       1
       2
       0
       0
       0
       0
       1
       0
       0
       0
       2
       2
       0
       0
       1
       0
       0
       0
       1
       0
       1
       2
       0
       0
       1
       0
       0
       1
       0
       0
       0
       0
       1
       0
       0
       0
       0
       0
       0
       1
       0
       0
       2
       2
       0
       1
       1
       0
       1
       0
       0
       1
       1
       0
       0
       1
       0
       0
       0
       2
       0
       1
       0
       0
       0
       1
       0
       0
       0
       0
       0
       1
       1
       0
       2
       1
       0
       0
       0
       1
       0
       0
       1
       0
       0
       1
       0
       0
       1
       0
       1
       0
       0
       0
       0
       1
       0
       0
       0
       0
       2
       1
       2
       0
       0
       0
       0
       1
       0
       0
       0
       0
       1
       1
       0
       1
       0
       1
       0
       1
       0
       0
       0
       0
       1
       0
       0
       0
       1
       0
       0
       1
       1
       0
       0
       0
       0
       0
       0
       1
       1
       1
       0
       0
       1
       0
       0
       0
       1
       2
       0
       0
       0
       1
       0
       0
       0
       0
       1
       2
       1
       0
       0
       0
       0
       0
       1
       0
       0
       0
       0
       0
       1
       0
       2
       1
       0
       0
       0
       0
       0
       0
       0
       0
       0
       1
       0
       0
       0
       0
       1
       0
       0
       2
       2
       0
       0
       1
       0
       0
       1
       0
       1
       0
       1
       1
       0
       0
       0
       1
       0
       0
       0
       0
       1
       0
       0
       0
       1
       1
       2
       0
       0
       2
       0
       0
       1
       1
       0
       1
       0
       0
       1
       0
       2
       1
       0
       2
       2
       1
       2
       0
       1
       1
       0
       0
       1
       1
       1
       0
       1
       0
       0
       0
       1
       0
       1
       0
       1
       0
       1
       2
       0
       1
       1
       0
       0
       0
       0
       0
       1
       1
       1
       0
       0
       0
       0
       0
       0
       0
       0
       0
       0
       0
       1
       1
       0
       0
       2
       0
       0
       1
       0
       0
       0
       1
       0
       0
       2
       1
       0
       1
       0
       0
       1
       0
       0
       0
       0
       1
       0
       1
       0
       1
       0
       0
       0
       0
       0
       0
       0
       0
       0
       1
       0
       0
       1
       0
       0
       0
       2
       1
       0
       0
       1
       0
       0
       0
       0
       1
       0
       0
       0
       1
       0
       0
       0
       0
       0
       1
       0
       0
       0
       0
       0
       1
       0
       0
       1
       0
       0
       1
       0
       0
       0
       0
       1
       1
       1
       0
       0
       0
       0
       0
       1
       0
       3
       0
       0
       0
       0
       0
       0
       1
       0
       0
       0
       1
       0
       0
       2
       1
       0
       1
       0
       0
       1
       1
       0
       0
       0
       1
       0
       0
       0
       0
       0
       2
       0
       0
       1
       1
       0
       1
       0
       0
       0
       1
       0
       1
       0
       0
       0
       1
       1
       0
       1
       0
       0
       0
       1
       0
       0
       1
       0
       1
       0
       0
       0
       0
       0
       0
       0
       0
       0
       0
       2
       0
       0
       0
       0
       1
       0
       2
       0
       0
       2
       0
       0
       0
       1
       0
       0
       0
       0
       0
       0
       0
       0
       0
       0
       0
       0
       0
       0
       0
       0
       0
       0
       0
       0
       0
       0
       0
       0
       1
       2
       1
       0
       0
       0
       0
       0
       0
       0
       0
       0
       0
       2
       0
       1
       0
       0
       1
       0
       0
       0
       0
       0
       0
       0
       0
       0
       0
       0
       0
       0
       0
       1
       0
       1
       0
       0
       0
       1
       0
       0
       0
       0
       0
       0
       0
       0
       0
       0
       0
       0
       0
       0
       1
       1
       0
       0
       0
       0
       0
       1
       0
       0
       0
       0
       0
       0
       0
       0
       0
       0
       0
       0
       0
       0
       0
       0
       0
       1
       0
       0
       0
       0
       1
       0
       0
       0
       0
       0
       1
       0
       0
       0
       0
       0
       0
       0
       0
       0
       1
       1
       1
       0
       0
       0
       1
       0
       0
       0
       0
       0
       0
       1
       1
       0
       1
       0
       0
       0
       1
       0
       2
       0
       0
       0
       0
       1
       0
       1
       0
       0
       0
       0
       0
       1
       0
       0
       0
       0
       2
       1
       0
       0
       1
       0
       1
       0
       0
       1
       0
       1
       0
       1
       0
       1
       0
       1
       0
       4
       0
       0
       2
       0
       0
       2
       1
       1
       1
       1
       0
       0
       1
       1
       0
       0
       0
       0
       0
       0
       0
       0
       0
       0
       0
       2
       0
       0
       0
       2
       0
       1
       0
       0
       0
       0
       0
       1
       0
       0
       0
       0
       0
       1
       1
       0
       2
       0
       0
       0
       1
       1
       1
       0
       1
       2
       0
       0
       0
       0
       0
       0
       0
       0
       1
       1
       1
       0
       0
       0
       1
       1
       0
       1
       0
       0
       0
       0
       0
       0
       2
       0
       0
       0
       0
       0
       0
       1
       0
       0
       0
       0
       0
       1
       0
       0
       0
       0
       0
       0
       1
       1
       1
       0
       0
       0
       0
       0
       0
       1
       1
       0
       0
       0
       0
       0
       0
       0
       0
       0
       0
       0
       0
       0
       0
       0
       0
       1
       0
       0
       0
       0
       0
       0
       0
       0
       0
       0
       0
       0
       0
       1
       0
       0
       0
       0
       0
       0
       0
       0
       0
       0
       0
       0
       0
       0
       0
       0
       0
       0
       0
       0
       0
       0
       0
       0
       0
       0
       0
       0
       0
       0
       0
       0
       0
       0
       0
       0
       0
       0
       0
       0
$ROI:
1
817 947
$PRESETS:
Live Time
450
0
$ENER_FIT:
0.000000 0.000000
$MCA_CAL:
3
0.000000E+000 0.000000E+000 0.000000E+000 
$SHAPE_CAL:
3
0.000000E+000 0.000000E+000 0.000000E+000
