$SPEC_ID:
No sample description was entered.
$SPEC_REM:
DET# 1
DETDESC# LAB4C1 Easy-MCA-2k SN 20066403
AP# Maestro Version 7.01
$DATE_MEA:
11/06/2024 10:27:23
$MEAS_TIM:
450 450
$DATA:
0 2047
       0
       0
       0
       0
       0
       0
       0
       0
       0
       0
       6
      15
      11
       9
       8
      14
       8
      10
      11
      12
      12
      12
      14
      14
      11
       8
      12
      21
      17
      14
      11
      13
       9
      11
      17
      13
      18
      17
      17
      12
      18
      19
       8
      22
      19
       9
      16
      13
      24
      18
      20
      20
      17
      16
      21
      13
      15
      12
      16
      19
      20
      18
      23
      12
      16
      21
      27
      21
      10
      22
      18
      12
      18
      23
      21
      25
      32
      26
      18
      19
      23
      18
      22
      27
      27
      22
      36
      27
      36
      25
      26
      33
      28
      29
      27
      29
      28
      30
      32
      37
      37
      38
      47
      47
      42
      53
      62
      57
      58
      54
      47
      57
      41
      69
      53
      43
      42
      53
      46
      47
      55
      55
      41
      43
      50
      52
      48
      49
      34
      44
      38
      45
      44
      45
      42
      39
      37
      39
      45
      39
      35
      27
      35
      40
      35
      37
      32
      33
      36
      33
      32
      31
      27
      29
      35
      35
      34
      32
      27
      30
      26
      31
      30
      46
      33
      39
      35
      37
      32
      29
      35
      33
      35
      25
      36
      39
      29
      19
      33
      34
      28
      28
      31
      35
      33
      26
      38
      31
      30
      31
      30
      29
      37
      26
      26
      28
      26
      44
      36
      25
      30
      18
      20
      41
      32
      29
      37
      22
      34
      20
      24
      32
      20
      29
      26
      32
      31
      27
      27
      24
      31
      28
      17
      28
      18
      33
      27
      33
      24
      26
      26
      34
      29
      22
      26
      19
      24
      20
      30
      27
      25
      24
      29
      22
      27
      20
      26
      27
      35
      25
      18
      26
      32
      20
      18
      19
      29
      31
      28
      19
      25
      26
      20
      26
      29
      16
      16
      32
      26
      23
      20
      15
      21
      26
      20
      25
      25
      21
      19
      22
      26
      12
      26
      14
      16
      21
      19
      29
      24
      24
      25
      22
      17
      24
      23
      16
      23
      18
      13
      27
      17
      25
      17
      21
      22
      17
      17
      17
      30
      22
      26
      19
      26
      26
      12
      25
      23
      22
      28
      18
      23
      28
      16
      23
      17
      15
      24
      21
      17
      18
      18
      23
      23
      28
      21
      20
      22
      21
      23
      17
      23
      18
       8
      20
      16
      18
      16
      22
      21
      17
      21
      21
      19
      23
      22
      18
      23
      22
      14
       9
      25
      14
      21
      21
      23
      11
      15
      17
      18
      16
      19
      17
      11
      23
      17
      16
      13
      17
      13
      12
      18
      21
      14
      16
      17
      21
       9
      21
      14
       7
      15
      23
      13
      12
      16
      11
      23
      11
      19
      13
      12
      18
      17
      19
      14
      20
      12
      18
      19
       7
      16
      18
      14
      20
      19
      12
      17
      20
      16
      21
      18
      15
      13
      13
      17
      11
      20
      19
      16
      14
      15
      13
      23
       8
       8
      21
      17
      14
      15
      15
      12
      11
      11
      25
       5
      11
      12
      10
      11
       8
      17
      19
      12
      14
      14
      14
      23
      11
      15
      11
      18
      16
      10
      13
      16
      15
      17
      17
      18
      22
       9
      15
      17
      10
      18
      12
       8
      10
      16
      18
      15
      21
      14
      11
      13
      11
      16
      15
      16
      15
      15
       9
      12
      15
      13
      16
      12
      14
      16
      16
      19
      19
      13
      12
       7
      18
      13
       8
       7
      19
      11
      13
      11
      16
      12
      12
       6
      15
       4
      16
      12
      11
      16
      17
      19
      13
      11
      13
      11
       8
      11
       9
      17
      14
      17
      15
       9
      12
       7
      21
      12
      10
      16
      10
      10
       8
      15
      10
      12
      13
      16
      12
      10
      14
      13
      14
      15
      12
      10
      10
      10
      14
      19
       6
      11
       6
      11
       8
      13
      11
      12
      10
      12
      14
       9
      22
      11
      13
      12
      11
      14
      15
      15
      16
      12
      14
      18
       9
      16
      11
      11
      17
      13
       8
       7
      15
      12
      17
      14
      19
       7
      10
      14
      13
       5
      11
       9
      13
      12
       9
      14
      11
       8
      15
      16
       8
       9
      11
      10
      18
      12
       9
      10
       9
      12
       7
      14
      13
      10
       9
      10
       9
      16
       9
      20
      12
       7
      10
      10
       6
       6
       6
       8
       8
      13
       8
      12
      10
       5
       8
       7
      10
       9
       9
       5
      10
      12
       8
      13
      11
      12
      10
      13
       6
       6
      11
      12
       8
       6
      12
       8
       9
      10
      12
       5
      10
      12
       8
       8
       9
       5
       9
      14
       8
       7
       5
       8
       8
       7
       7
       5
       4
       7
       6
       1
       8
      10
      12
       7
       5
       6
       8
       6
      13
       6
       8
       7
       7
       6
       9
       6
      13
      10
      11
       9
       5
      11
      12
      16
       6
      10
       8
      12
      12
      12
       1
       4
       5
       8
       7
       8
       7
       8
       5
       5
       6
       3
       4
       9
       7
       6
       8
       8
       5
       4
       5
       6
       4
       8
       8
       4
       9
       5
       5
       9
       6
       6
      12
       6
       4
       9
       7
       8
       2
      14
       7
       5
      11
      11
       7
       3
       6
      11
      10
       9
       5
      13
       5
       9
       7
       6
       3
      12
       6
       9
       4
       5
       9
      11
       5
       6
       8
       8
       9
       2
       8
       5
      10
       7
       6
       7
       7
       6
       4
       8
       8
       7
       9
      14
       6
       6
      12
      12
       6
       5
      10
      17
       4
       7
       5
       6
      15
      16
      15
       9
      10
      10
      12
      14
      19
      12
       6
      13
      15
      18
      22
      13
      19
      21
      15
       8
      18
      21
      18
      18
      17
      17
      18
      32
      22
      31
      40
      33
      28
      31
      21
      31
      29
      32
      30
      54
      32
      25
      46
      38
      28
      54
      49
      44
      54
      39
      49
      53
      50
      58
      53
      49
      58
      54
      51
      54
      55
      67
      56
      55
      53
      45
      59
      49
      42
      41
      49
      37
      49
      43
      47
      56
      47
      49
      44
      54
      38
      29
      35
      30
      45
      47
      30
      40
      35
      31
      42
      32
      28
      26
      30
      15
      28
      30
      17
      13
      17
      24
      12
      27
      17
      15
      24
      27
      10
      11
      12
       8
      13
       9
      12
       8
      13
      12
       7
       6
       7
      12
       6
       8
       2
       8
      10
       3
       4
       9
       1
       5
      10
       6
       3
       4
       4
       4
       3
       6
       3
       5
       5
       4
       5
       8
       4
       4
       3
       4
       5
       6
       6
       4
       3
       0
       5
       5
       4
       0
       5
       1
       1
       3
       3
       6
       2
       3
       3
       2
       1
       1
       5
       5
       2
       0
       2
       4
       3
       3
       2
       1
       2
       4
       2
       2
       5
       0
       4
       1
       3
       5
       2
       4
       1
       0
       5
       4
       3
       4
       4
       2
       4
       1
       2
       2
       5
       5
       0
       2
       2
       0
       1
       6
       3
       5
       3
       3
       2
       1
       2
       2
       2
       2
       5
       3
       3
       3
       4
       2
       4
       6
       4
       3
       3
       3
       1
       2
       2
       1
       4
       1
       3
       5
       2
       3
       1
       7
       2
       1
       3
       2
       3
       1
       1
       3
       4
       6
       2
       3
       0
       0
       4
       3
       1
       1
       2
       4
       5
       4
       2
       5
       0
       2
       2
       2
       1
       2
       2
       3
       4
       3
       0
       8
       0
       0
       4
       1
       2
       3
       5
       4
       4
       2
       5
       1
       3
       1
       1
       3
       0
       2
       1
       4
       2
       1
       5
       2
       2
       0
       3
       2
       0
       1
       5
       4
       4
       2
       2
       4
       1
       5
       1
       0
       2
       2
       4
       4
       3
       4
       3
       2
       2
       2
       1
       3
       2
       0
       1
       6
       4
       7
       5
       4
       4
       4
       2
       2
       4
       6
       3
       2
       5
       4
       7
       0
       2
       2
       4
       2
       2
       0
       0
       2
       2
       4
       3
       2
       1
       3
       1
       4
       2
       1
       2
       1
       3
       6
       1
       0
       7
       3
       4
       3
       2
       1
       2
       4
       3
       1
       6
       3
       1
       3
       2
       7
       2
       0
       5
       3
       3
       4
       3
       6
       3
       2
       3
       5
       7
       5
       1
       4
       1
       2
       3
       1
       2
       0
       2
       1
       2
       3
       0
       2
       3
       6
       1
       2
       3
       3
       6
       4
       3
       1
       2
       3
       1
       1
       2
       2
       2
       1
       0
       5
       3
       2
       4
       3
       2
       2
       3
       2
       4
       1
       2
       1
       0
       1
       6
       0
       3
       4
       1
       3
       1
       3
       3
       1
       0
       0
       1
       2
       0
       0
       4
       1
       3
       1
       4
       1
       0
       2
       0
       0
       2
       2
       2
       2
       0
       4
       5
       0
       2
       1
       0
       2
       2
       1
       2
       3
       0
       0
       1
       0
       2
       3
       1
       2
       0
       1
       2
       1
       1
       2
       2
       5
       2
       2
       2
       3
       2
       5
       3
       0
       0
       0
       1
       1
       1
       0
       0
       4
       3
       1
       3
       3
       2
       0
       0
       1
       1
       2
       2
       3
       1
       1
       3
       4
       3
       1
       9
       1
       1
       1
       2
       2
       2
       2
       0
       2
       1
       1
       3
       2
       0
       5
       1
       1
       0
       0
       3
       1
       2
       5
       2
       3
       4
       3
       1
       2
       2
       2
       0
       1
       2
       0
       2
       0
       0
       2
       1
       0
       3
       2
       1
       0
       1
       3
       1
       1
       1
       1
       0
       2
       1
       2
       0
       2
       3
       0
       1
       1
       3
       1
       7
       2
       2
       1
       0
       3
       2
       3
       2
       4
       2
       0
       1
       4
       1
       2
       2
       0
       1
       1
       2
       1
       1
       1
       3
       4
       0
       1
       0
       1
       1
       3
       1
       3
       2
       3
       3
       2
       1
       2
       0
       2
       2
       2
       2
       1
       4
       2
       2
       1
       3
       1
       2
       2
       1
       3
       0
       3
       3
       2
       3
       0
       3
       2
       5
       3
       1
       1
       1
       4
       0
       1
       2
       4
       0
       1
       3
       3
       1
       2
       1
       4
       2
       1
       1
       2
       1
       0
       5
       3
       4
       4
       3
       1
       3
       1
       1
       1
       1
       2
       1
       1
       2
       1
       1
       0
       2
       3
       1
       1
       2
       2
       2
       1
       1
       2
       1
       1
       1
       1
       0
       3
       2
       2
       1
       0
       2
       2
       0
       0
       3
       1
       1
       0
       3
       1
       2
       2
       3
       1
       2
       1
       1
       1
       2
       5
       0
       0
       2
       0
       0
       1
       0
       1
       2
       0
       1
       1
       1
       2
       4
       0
       1
       0
       2
       2
       1
       1
       2
       1
       2
       2
       3
       4
       2
       2
       1
       3
       1
       2
       1
       0
       1
       1
       0
       2
       0
       0
       1
       1
       1
       0
       1
       1
       0
       1
       3
       1
       0
       2
       1
       0
       0
       0
       1
       4
       2
       1
       0
       2
       0
       1
       1
       1
       0
       1
       2
       1
       3
       0
       0
       0
       0
       2
       0
       0
       0
       1
       0
       1
       3
       1
       2
       3
       0
       0
       0
       0
       2
       0
       0
       1
       0
       1
       1
       1
       2
       1
       1
       1
       0
       1
       1
       2
       1
       0
       2
       0
       1
       0
       0
       1
       0
       2
       2
       1
       1
       1
       2
       0
       1
       1
       2
       0
       0
       0
       0
       0
       2
       1
       1
       0
       2
       2
       0
       2
       1
       2
       1
       1
       0
       0
       3
       3
       0
       0
       2
       0
       1
       2
       2
       0
       2
       1
       2
       0
       1
       0
       0
       1
       1
       0
       0
       3
       0
       1
       0
       0
       2
       1
       0
       1
       0
       2
       0
       0
       2
       0
       1
       0
       0
       1
       4
       3
       0
       1
       1
       1
       1
       1
       1
       1
       2
       1
       1
       2
       2
       0
       3
       0
       1
       1
       1
       1
       1
       1
       1
       1
       0
       1
       1
       2
       1
       3
       3
       1
       0
       1
       2
       1
       3
       0
       0
       0
       0
       0
       1
       2
       0
       2
       1
       0
       2
       0
       1
       0
       1
       4
       2
       0
       2
       0
       0
       3
       3
       1
       0
       3
       3
       1
       1
       1
       5
       3
       1
       2
       8
       2
       3
       3
       5
       4
       4
       0
       5
       5
       2
       2
       2
       6
       1
       1
       1
       3
       3
       0
       1
       1
       3
       2
       6
       3
       2
       4
       1
       5
       4
       4
       3
       1
       2
       0
       3
       2
       1
       2
       4
       6
       1
       1
       4
       4
       2
       6
       2
       3
       2
       0
       2
       1
       2
       4
       2
       1
       0
       3
       2
       1
       1
       2
       7
       1
       2
       2
       0
       1
       2
       1
       2
       0
       2
       2
       4
       2
       2
       3
       2
       4
       0
       2
       1
       2
       1
       2
       7
       2
       1
       4
       2
       1
       3
       1
       2
       1
       1
       1
       0
       1
       1
       3
       0
       3
       2
       1
       2
       2
       1
       1
       1
       3
       2
       1
       3
       2
       2
       1
       0
       0
       0
       0
       3
       0
       0
       2
       1
       0
       0
       2
       2
       1
       0
       0
       1
       1
       0
       1
       0
       0
       0
       0
       0
       1
       0
       1
       1
       0
       0
       1
       0
       1
       2
       0
       1
       0
       0
       0
       0
       1
       0
       1
       0
       1
       1
       1
       0
       0
       0
       1
       0
       1
       0
       0
       0
       0
       0
       0
       0
       0
       0
       0
       0
       0
       0
       0
       0
       0
       0
       0
       0
       0
       0
       0
       0
       0
       0
       0
       0
       0
       0
       0
       0
       0
       0
$ROI:
0
$PRESETS:
Live Time
450
0
$ENER_FIT:
0.000000 0.000000
$MCA_CAL:
3
0.000000E+000 0.000000E+000 0.000000E+000 
$SHAPE_CAL:
3
0.000000E+000 0.000000E+000 0.000000E+000
