$SPEC_ID:
No sample description was entered.
$SPEC_REM:
DET# 1
DETDESC# LAB4C1 Easy-MCA-2k SN 20066403
AP# Maestro Version 7.01
$DATE_MEA:
11/06/2024 09:51:16
$MEAS_TIM:
450 450
$DATA:
0 2047
       0
       0
       0
       0
       0
       0
       0
       0
       0
       0
       6
      12
      14
       7
       8
      12
      14
      14
       9
      11
      12
      10
       9
       7
      18
      13
      15
      14
      17
      15
       7
      14
      15
      10
       8
      11
       6
      17
      13
      17
      11
       9
       8
      17
      15
      10
      19
      13
      17
      14
      15
      19
      13
      16
      12
      14
      19
      15
      19
      11
      17
      15
      22
      14
      12
      17
      16
      19
      14
      21
      19
      21
      18
      25
      21
      19
      15
      16
      19
      18
      24
      19
      22
      27
      27
      29
      18
      24
      27
      30
      36
      32
      32
      30
      31
      38
      44
      34
      38
      35
      35
      36
      42
      28
      51
      43
      48
      49
      48
      54
      60
      53
      53
      63
      60
      51
      71
      38
      44
      43
      38
      40
      42
      46
      38
      45
      47
      32
      30
      34
      24
      42
      45
      44
      36
      44
      24
      31
      40
      32
      36
      34
      37
      34
      27
      34
      27
      29
      40
      19
      40
      26
      30
      37
      36
      29
      26
      39
      35
      28
      25
      27
      30
      26
      31
      38
      33
      30
      37
      31
      30
      33
      29
      30
      36
      34
      43
      33
      31
      28
      35
      23
      33
      27
      31
      26
      32
      29
      30
      29
      30
      27
      27
      28
      32
      21
      25
      32
      39
      29
      29
      28
      32
      27
      19
      29
      39
      38
      27
      19
      30
      24
      18
      24
      24
      27
      21
      31
      25
      30
      26
      29
      34
      26
      26
      33
      22
      24
      18
      20
      26
      19
      20
      21
      13
      25
      24
      37
      19
      23
      22
      23
      23
      27
      24
      25
      26
      23
      19
      25
      15
      15
      28
      22
      13
      18
      22
      22
      21
      26
      25
      14
      23
      25
      24
      22
      19
      24
      20
      32
      15
      15
      17
      22
      16
      19
      19
      24
      27
      25
      18
      33
      23
      16
      26
      21
      15
      18
      17
      19
      20
      20
      18
      31
      15
      23
      27
      18
      18
      14
      17
      21
      20
      29
      20
      22
      15
      22
      19
      13
      16
      22
      19
      23
      20
      14
      14
      19
      20
      16
      19
      15
      24
      17
      13
      21
      26
      28
      14
      14
      13
      16
      22
      19
      18
      24
      19
      15
      19
      17
      16
       8
      27
      21
      29
      23
      16
      13
      21
      17
      12
      16
       9
      15
      13
      19
      13
      10
      17
      12
       6
       9
      12
      15
      18
      18
      19
      15
      17
      13
      12
      10
      17
      11
      21
      19
      12
      15
      16
      24
      13
      18
      16
      16
      13
      12
      20
      14
      15
      20
      16
      16
      20
      15
      13
      14
       4
      16
      21
      10
      14
       9
      11
       7
       9
      16
      10
      10
      13
      18
      12
      15
      13
      15
       9
      21
      11
      11
       8
       9
      10
      11
       5
      13
      19
       7
      21
      13
      11
      12
      10
      14
      16
       9
       4
      16
      12
      13
      21
      21
      14
      10
      19
       8
      16
      13
       9
      12
      20
      15
      13
      11
      13
      12
       8
      16
       7
      16
      10
      12
      16
      17
      11
      12
      12
      10
      10
       9
      14
      16
      11
      10
      11
      15
      16
       9
       8
      14
      16
      13
      12
      16
       5
      20
      16
       7
      11
       8
      19
       4
       7
      14
      10
      12
      24
      14
      10
      16
      14
       7
       9
      17
      12
      15
      17
      11
      11
      10
       8
      14
       7
      10
      13
       7
       4
      12
      13
      12
      14
      12
       8
      13
       8
       9
      11
      11
       9
      16
       7
       8
       8
       8
       5
      10
      18
      10
       8
       6
      14
      10
      13
      10
      15
      11
      13
      13
      14
       6
       8
       6
       5
       8
       7
      12
      10
      16
       5
       8
       8
       9
       5
       9
      13
       9
      10
      15
      14
       9
       9
       7
       6
       8
       9
       8
       9
       9
      13
       9
       9
      17
       7
      13
      10
      10
      11
      11
      14
      10
      15
       8
       8
      12
      10
      10
      14
      10
       6
       8
       9
      13
       8
       9
       6
       9
       7
       8
      10
      10
       8
       7
      14
      13
       7
      10
       7
       6
      12
       4
      11
      15
       8
      12
       7
      10
      11
       4
       7
      10
      11
       9
       5
      10
      12
       8
       4
       8
       5
       6
       7
       7
       8
       7
       6
       6
       9
       9
       6
       6
       6
       3
       7
      10
      11
       5
       7
       6
      12
       4
      10
       7
       4
       8
      10
       9
       6
       8
      14
       5
       6
       8
       8
       6
       6
      11
       4
       9
       6
       4
       7
      10
       7
       6
       4
      10
       3
       8
       3
       8
       5
       7
       8
       6
      17
       9
       5
       8
       8
       1
       8
       9
       9
       7
      12
      10
       5
       9
       7
       7
       8
       7
       5
       5
       5
       8
       6
       6
       8
       9
       6
       6
       3
       4
       5
       7
       9
       3
       9
      10
       6
       8
       6
       3
       5
       9
       2
       7
       3
       6
       6
       4
       8
       8
       4
      10
       8
       9
       4
       3
       5
       6
       5
       6
       5
       6
      11
       7
       6
       6
       5
       6
       4
       4
       6
       3
       7
       3
      11
       7
       8
       9
       7
       5
       3
      12
       7
       7
       7
       7
      13
       6
       5
       5
       8
       7
       6
       7
       9
      10
       3
       7
      10
       8
      10
       3
       8
      10
       5
       7
       4
      11
      10
       4
       7
       8
       7
       8
       8
       7
       5
       4
       6
       2
       6
       5
       7
      10
       5
       7
       7
      13
       6
       7
       8
       9
      13
      14
      10
       9
      11
      10
       7
      11
      15
      11
       9
       7
      11
      11
      13
      18
      11
       9
      13
       7
      14
      15
      11
      20
      12
      16
      18
      18
      14
      23
      16
       7
      27
      20
      19
      27
      25
      30
      22
      25
      32
      35
      36
      23
      30
      28
      36
      24
      35
      29
      21
      30
      35
      27
      39
      37
      24
      37
      31
      21
      41
      36
      35
      36
      34
      40
      33
      32
      30
      41
      33
      28
      32
      23
      36
      32
      26
      31
      23
      26
      29
      22
      27
      31
      22
      26
      24
      17
      17
      20
      16
      22
      18
      14
      12
      20
      17
      15
      15
      14
       8
      11
      11
      16
       9
      14
       6
       8
       6
       2
      10
       9
       4
       4
       7
       7
       6
       5
       4
       8
       4
       4
       8
       3
       7
       2
       7
       5
       6
       2
       5
       2
       1
       7
       6
       5
       3
       5
       3
       7
       1
       2
       0
       4
       1
       3
       5
       0
       2
       4
       2
       2
       4
       5
       4
       2
       3
       2
       0
       2
       4
       2
       5
       3
       2
       2
       1
       1
       2
       0
       2
       2
       6
       2
       3
       6
       5
       1
       2
       5
       0
       5
       2
       5
       3
       3
       4
       3
       3
       4
       3
       5
       0
       5
       2
       7
       6
       4
       3
       2
       5
       1
       3
       3
       3
       2
       3
       2
       3
       1
       0
       2
       5
       3
       2
       3
       5
       0
       0
       4
       0
       2
       3
       2
       5
       3
       2
       5
       2
       5
       2
       7
       4
       8
       4
       3
       2
       0
       4
       2
       1
       2
       3
       1
       0
       3
       4
       3
       3
       4
       1
       3
       0
       3
       2
       1
       4
       1
       4
       1
       0
       3
       1
       2
       5
       3
       4
       3
       7
       2
       2
       3
       1
       2
       0
       2
       2
       1
       3
       2
       4
       0
       4
       4
       2
       3
       1
       0
       4
       5
       7
       2
       4
       6
       4
       4
       1
       3
       2
       3
       1
       1
       1
       4
       3
       4
       3
       3
       2
       2
       2
       1
       0
       1
       5
       3
       2
       0
       3
       4
       1
       2
       0
       3
       3
       0
       3
       2
       2
       2
       7
       5
       1
       3
       2
       4
       4
       4
       3
       1
       3
       5
       2
       6
       4
       1
       3
       3
       1
       4
       3
       0
       0
       4
       6
       3
       3
       0
       4
       4
       3
       0
       2
       5
       4
       0
       1
       4
       2
       1
       3
       2
       3
       3
       3
       1
       5
       3
       3
       0
       3
       1
       2
       0
       3
       1
       4
       3
       2
       1
       5
       2
       3
       3
       1
       7
       5
       2
       0
       4
       6
       1
       4
       2
       2
       3
       4
       1
       6
       3
       1
       1
       3
       2
       1
       2
       5
       2
       1
       2
       2
       4
       2
       6
       1
       2
       2
       1
       1
       2
       4
       3
       3
       3
       0
       2
       6
       2
       1
       6
       2
       0
       4
       3
       2
       0
       5
       0
       2
       2
       7
       2
       1
       2
       4
       1
       1
       1
       1
       2
       2
       0
       4
       2
       2
       3
       1
       4
       1
       0
       3
       4
       3
       3
       2
       0
       6
       0
       2
       5
       3
       2
       1
       2
       3
       1
       1
       0
       1
       2
       2
       2
       4
       3
       1
       4
       0
       1
       3
       4
       1
       1
       1
       1
       0
       1
       1
       3
       1
       2
       3
       2
       3
       1
       6
       2
       1
       5
       4
       2
       0
       5
       2
       3
       1
       3
       4
       0
       2
       5
       2
       2
       1
       3
       2
       1
       3
       3
       0
       1
       2
       2
       2
       2
       3
       1
       3
       3
       1
       3
       4
       2
       1
       5
       2
       3
       1
       2
       3
       3
       3
       1
       0
       4
       2
       0
       1
       2
       0
       3
       2
       3
       0
       2
       0
       2
       2
       1
       1
       0
       1
       3
       1
       1
       3
       0
       1
       1
       1
       1
       0
       2
       1
       2
       1
       2
       3
       2
       1
       1
       0
       2
       2
       2
       1
       2
       0
       1
       0
       4
       1
       1
       1
       1
       4
       0
       1
       1
       3
       0
       1
       2
       5
       0
       4
       3
       0
       1
       2
       2
       5
       1
       2
       2
       3
       5
       5
       0
       1
       3
       2
       1
       0
       3
       1
       4
       2
       2
       1
       3
       2
       1
       1
       4
       4
       4
       5
       0
       1
       3
       3
       1
       2
       2
       1
       2
       1
       0
       1
       0
       2
       0
       2
       1
       4
       2
       4
       0
       1
       1
       2
       2
       3
       3
       2
       3
       0
       5
       0
       3
       0
       0
       3
       1
       1
       2
       2
       1
       1
       3
       0
       1
       1
       1
       1
       0
       3
       3
       2
       0
       1
       1
       3
       1
       1
       1
       2
       0
       2
       1
       2
       1
       0
       1
       2
       2
       2
       1
       1
       2
       1
       0
       0
       2
       0
       3
       2
       2
       2
       0
       4
       3
       2
       2
       2
       3
       0
       5
       1
       1
       3
       0
       0
       1
       0
       3
       0
       2
       0
       2
       2
       4
       2
       1
       2
       1
       1
       2
       1
       2
       3
       1
       3
       1
       3
       3
       0
       2
       2
       3
       1
       1
       0
       0
       2
       3
       1
       0
       1
       2
       1
       0
       2
       0
       2
       2
       2
       3
       3
       0
       1
       0
       2
       2
       1
       2
       0
       2
       0
       2
       0
       4
       0
       2
       1
       1
       0
       0
       0
       0
       1
       2
       1
       0
       3
       2
       2
       3
       0
       1
       2
       1
       3
       1
       2
       3
       1
       0
       1
       2
       1
       0
       2
       2
       0
       0
       1
       3
       2
       1
       1
       0
       1
       0
       0
       2
       3
       1
       1
       0
       0
       1
       2
       0
       1
       3
       2
       1
       1
       0
       2
       0
       4
       2
       0
       2
       1
       1
       2
       4
       0
       0
       0
       0
       1
       1
       0
       0
       1
       1
       0
       0
       1
       1
       0
       1
       1
       0
       2
       0
       0
       1
       1
       2
       2
       1
       1
       1
       2
       0
       0
       0
       0
       2
       0
       0
       0
       0
       0
       1
       0
       1
       1
       2
       1
       0
       1
       1
       1
       0
       2
       0
       1
       1
       2
       2
       0
       2
       0
       4
       1
       0
       1
       0
       0
       2
       1
       2
       1
       1
       0
       3
       1
       0
       2
       3
       0
       0
       3
       0
       0
       2
       0
       2
       3
       1
       1
       1
       3
       3
       0
       0
       3
       3
       0
       1
       1
       2
       1
       1
       0
       2
       1
       1
       2
       2
       0
       2
       0
       1
       1
       1
       1
       1
       2
       1
       2
       2
       3
       0
       5
       4
       2
       2
       5
       1
       0
       2
       1
       2
       0
       2
       3
       1
       1
       2
       0
       3
       4
       1
       3
       0
       4
       1
       2
       2
       2
       1
       3
       3
       2
       2
       4
       0
       2
       1
       1
       2
       0
       2
       3
       5
       2
       0
       0
       3
       1
       6
       4
       6
       5
       3
       4
       2
       2
       1
       1
       2
       0
       2
       4
       4
       0
       3
       1
       1
       3
       0
       1
       4
       5
       1
       2
       2
       2
       0
       0
       0
       2
       3
       2
       1
       4
       3
       1
       1
       1
       0
       1
       3
       1
       2
       2
       0
       4
       3
       1
       0
       0
       3
       4
       2
       1
       4
       0
       5
       2
       1
       2
       0
       3
       4
       1
       2
       1
       3
       1
       3
       1
       1
       2
       3
       1
       1
       1
       2
       2
       2
       1
       2
       1
       1
       1
       1
       0
       0
       2
       1
       2
       2
       0
       0
       1
       2
       4
       2
       1
       1
       1
       1
       1
       4
       0
       0
       1
       0
       1
       1
       1
       0
       1
       0
       1
       2
       1
       0
       2
       0
       0
       0
       0
       0
       1
       2
       2
       0
       2
       1
       1
       1
       0
       0
       0
       1
       1
       0
       0
       0
       0
       0
       0
       0
       0
       0
       0
       0
       0
       0
       0
       0
       0
       0
       0
       0
       0
       0
       0
       0
       0
       0
       0
       0
       0
       0
       0
       0
       0
       0
       0
       0
       0
       0
       0
       0
$ROI:
1
813 945
$PRESETS:
Live Time
450
0
$ENER_FIT:
0.000000 0.000000
$MCA_CAL:
3
0.000000E+000 0.000000E+000 0.000000E+000 
$SHAPE_CAL:
3
0.000000E+000 0.000000E+000 0.000000E+000
