$SPEC_ID:
No sample description was entered.
$SPEC_REM:
DET# 1
DETDESC# LAB4C1 Easy-MCA-2k SN 20066403
AP# Maestro Version 7.01
$DATE_MEA:
11/06/2024 09:34:26
$MEAS_TIM:
450 450
$DATA:
0 2047
       0
       0
       0
       0
       0
       0
       0
       0
       0
       0
       6
      20
       7
      11
      10
      12
      11
      13
      10
      12
      11
      11
       4
       7
      14
       7
       9
      11
      18
      11
       9
      14
       9
       8
       7
      10
      11
      14
      11
      14
      16
       9
      20
      17
      11
      16
      21
      16
      12
      14
      16
      23
      17
       8
      14
      19
      16
      17
      15
      13
      20
      27
       9
      17
      22
      15
      19
      14
      12
      16
      30
      20
      18
      12
      22
      22
      21
      20
      18
      28
      17
      19
      21
      21
      26
      22
      23
      28
      22
      26
      24
      29
      30
      39
      23
      31
      32
      38
      30
      41
      43
      40
      43
      46
      42
      51
      47
      53
      38
      50
      51
      46
      62
      49
      52
      49
      43
      47
      52
      47
      40
      43
      37
      38
      41
      59
      36
      41
      42
      36
      43
      29
      34
      31
      26
      35
      31
      34
      34
      30
      34
      43
      28
      38
      26
      36
      31
      28
      36
      33
      26
      26
      30
      30
      36
      23
      30
      30
      36
      32
      23
      39
      25
      41
      45
      29
      33
      32
      35
      32
      27
      27
      26
      33
      30
      30
      29
      28
      37
      28
      23
      29
      29
      21
      21
      34
      20
      31
      47
      32
      36
      27
      26
      25
      25
      35
      29
      28
      26
      29
      19
      21
      32
      18
      33
      18
      18
      17
      21
      21
      21
      24
      21
      23
      26
      12
      27
      24
      24
      25
      20
      20
      24
      25
      24
      19
      24
      18
      21
      28
      18
      30
      23
      28
      17
      31
      16
      18
      20
      24
      23
      29
      27
      22
      17
      24
      15
      13
      19
      24
      25
      16
      15
      19
      20
      27
      16
      27
      21
      16
      17
      20
      22
      20
      16
      24
      12
      15
      22
      22
      22
      18
      25
      17
      21
      16
      12
      21
      20
      18
      18
      17
      21
      22
      19
      18
      25
      23
      24
      19
      20
      15
      20
      16
      25
      20
      26
      18
      25
      16
      22
      17
      21
      20
      14
      20
      29
      26
      22
      17
      17
      14
      16
      15
      18
      18
      20
      17
      20
      22
      21
      17
      23
      22
      18
      18
      15
      14
      18
      25
      11
      22
      26
      19
      15
      19
      23
      18
      25
      16
      18
      19
      10
      24
      11
      14
      12
      16
      11
      22
      13
      24
      16
      19
      17
      14
      15
      14
      11
       9
      16
      13
      15
      18
       9
      16
       9
      12
      12
      11
       6
      20
      11
      14
      18
      12
      12
      14
      14
      17
      12
       9
      21
      15
      10
      14
      18
      23
      16
      10
      11
      11
      19
      16
      21
      12
      21
       5
      17
      11
       9
      16
      10
      15
      12
      11
      10
      12
      11
      12
      11
       9
      11
      11
      14
      11
       9
      13
      11
      12
      16
      19
      16
      11
      10
      12
      18
       7
      16
      10
      10
      10
       8
      10
      13
       8
      10
       8
      13
       9
       7
      16
      13
       4
       9
       7
      14
      12
      17
      16
      14
      20
       5
      15
      16
      20
      15
       5
      20
      11
      14
       9
      13
      22
      13
      13
      13
      20
      11
       7
      12
      10
      12
      17
      17
       8
       7
      15
      15
      11
      11
       7
      12
      14
      17
      12
      11
       7
      13
       8
      10
       7
       9
       6
       8
      12
      16
      11
      11
      13
      14
      13
       6
      12
      12
      11
       7
      14
      10
       5
      10
      12
      17
      10
      12
      10
      13
      13
       6
      11
      11
       7
      11
       5
      12
      11
       7
      14
      14
       8
       6
       5
      10
       6
      16
      10
       9
      13
      15
       9
      10
      12
      10
      11
      10
       5
       7
      12
       6
      16
      12
      10
       7
      11
       8
       8
      10
       9
       9
       6
      11
       8
       8
       6
      15
       6
       9
       7
       8
       8
       8
       7
      12
       5
       8
      11
       6
       9
       7
       9
       9
      13
       6
      15
      10
      13
       8
      10
       8
       8
      11
      11
       4
       8
       9
       7
       9
       9
       9
       6
       7
       9
       9
      12
       5
      13
       8
      13
       6
       5
       7
       6
       5
       6
      10
       8
       7
       4
      11
      13
       6
      12
       9
      11
       4
       8
       2
       8
       7
      12
      10
      13
      12
      12
       5
       8
       6
       7
       4
      13
       5
       3
      10
      13
       6
       9
       9
      11
       7
       5
      13
       2
      10
      17
       9
      14
       5
       9
      10
       9
      14
       9
       3
      10
       8
       6
       6
       6
       8
       4
       4
       6
       8
       5
       5
       4
       8
      12
       9
      12
       4
       5
       6
      11
      10
       7
       8
      10
       3
      13
       4
       6
       7
       5
       5
       3
      15
      10
       7
       1
      11
      10
       8
       8
      11
       6
       8
       4
       5
       1
       8
      10
       4
       4
       5
       1
       6
       5
       7
       7
       6
       5
       6
       7
       3
       7
       7
       5
       6
       7
      10
       5
       6
       7
       5
       3
       5
       3
       4
       7
       6
       4
       3
       4
       5
      10
       4
      10
       8
       7
       5
       2
      11
      10
       5
       2
       6
       8
       4
       4
       4
       6
       5
       3
       6
      10
       6
       7
      10
       4
      12
       8
       8
       6
       9
       2
       9
       9
       5
       7
       5
       6
       8
       4
       3
       3
       4
       9
       1
       7
       4
       6
       6
       3
       9
       8
       3
       6
       4
      11
      13
       8
       7
       5
      11
       5
      11
       4
       8
       7
       7
       4
       9
       5
       2
       9
       6
      11
       3
      11
       7
       5
       9
       8
       9
       6
      10
      12
       7
       8
       6
      10
       6
       3
       6
       6
       8
      10
      12
      11
      11
      11
      16
      17
      14
      14
      17
      15
      22
      12
      18
      15
      23
      20
      19
      21
      15
      19
      16
      17
      22
      11
      22
      16
      15
      21
      26
      17
      21
      26
      22
      19
      19
      31
      27
      27
      31
      31
      34
      24
      43
      30
      29
      25
      28
      27
      21
      25
      30
      28
      22
      19
      36
      23
      28
      33
      31
      17
      16
      26
      17
      21
      18
      23
      25
      21
      14
      26
      16
      19
      25
      14
      11
      10
       9
      14
      17
      22
      13
       8
      13
      14
      14
      21
      10
       9
      11
      12
       9
      11
       5
       8
       7
       9
       6
       7
       2
       9
       5
       6
       5
       6
       4
       1
       3
       6
       3
       4
       6
       8
       7
       0
       3
       3
       4
       7
       4
       1
       2
       3
       3
       1
       4
       1
       3
       3
       3
       2
       1
       7
       2
       5
       2
       3
       6
       2
       3
       2
       2
       1
       1
       2
       7
       2
       1
       0
       4
       2
       4
       2
       3
       5
       1
       3
       1
       2
       4
       4
       4
       3
       5
       3
       2
       2
       3
       3
       2
       4
       3
       3
       1
       1
       4
       3
       3
       5
       2
       4
       2
       5
       7
       3
       1
       3
       1
       5
       4
       2
       1
       6
       1
       3
       3
       3
       3
       3
       4
       2
       1
       5
       4
       1
       2
       4
       2
       4
       3
       2
       5
       4
       2
       0
       3
       0
       3
       1
       0
       2
       0
       3
       2
       4
       2
       2
       6
       2
       2
       3
       4
       4
       0
       4
       4
       2
       1
       1
       2
       2
       1
       1
       4
       3
       4
       3
       1
       1
       2
       4
       2
       2
       1
       2
       5
       3
       3
       1
       2
       2
       0
       1
       2
       1
       3
       3
       1
       1
       6
       1
       3
       4
       4
       2
       1
       3
       2
       0
       1
       4
       1
       5
       2
       1
       3
       2
       2
       2
       3
       1
       2
       4
       2
       3
       2
       4
       0
       3
       1
       7
       1
       2
       3
       4
       5
       0
       5
       1
       1
       2
       3
       1
       4
       3
       2
       4
       2
       1
       1
       7
       0
       2
       2
       1
       1
       5
       2
       4
       3
       3
       7
       3
       2
       5
       0
       1
       5
       4
       1
       4
       5
       3
       7
       3
       2
       1
       1
       5
       3
       1
       1
       3
       4
       5
       3
       2
       2
       3
       4
       4
       1
       3
       3
       5
       1
       1
       2
       2
       2
       3
       2
       2
       3
       1
       2
       3
       2
       2
       2
       3
       1
       2
       6
       4
       0
       1
       2
       4
       2
       0
       5
       3
       5
       6
       4
       4
       4
       0
       2
       1
       2
       5
       2
       1
       3
       1
       5
       0
       2
       2
       3
       0
       1
       1
       2
       3
       2
       1
       2
       0
       1
       3
       1
       3
       0
       0
       2
       2
       6
       3
       4
       4
       3
       5
       2
       2
       2
       1
       5
       3
       3
       3
       3
       4
       0
       2
       4
       1
       1
       1
       1
       1
       4
       6
       0
       1
       3
       0
       2
       1
       5
       0
       1
       0
       2
       7
       1
       0
       3
       0
       1
       1
       0
       2
       3
       3
       0
       6
       1
       3
       0
       1
       1
       3
       2
       1
       0
       1
       0
       5
       2
       1
       3
       2
       5
       3
       3
       4
       2
       1
       3
       1
       0
       5
       3
       3
       1
       2
       2
       0
       5
       2
       2
       3
       0
       0
       3
       6
       2
       1
       4
       0
       1
       1
       1
       4
       1
       1
       2
       0
       1
       0
       3
       2
       1
       1
       1
       2
       2
       3
       0
       1
       2
       0
       1
       3
       5
       1
       2
       3
       0
       1
       2
       2
       5
       2
       2
       0
       3
       2
       1
       1
       5
       0
       1
       1
       0
       2
       3
       1
       0
       0
       2
       0
       0
       1
       1
       1
       1
       3
       0
       1
       1
       3
       3
       0
       3
       1
       0
       0
       0
       1
       0
       1
       2
       0
       2
       4
       1
       1
       3
       2
       2
       3
       1
       2
       1
       1
       2
       1
       1
       3
       3
       4
       1
       0
       3
       1
       1
       1
       3
       5
       3
       2
       0
       4
       0
       2
       2
       1
       6
       3
       1
       0
       1
       2
       3
       1
       1
       0
       2
       0
       3
       1
       1
       2
       1
       2
       2
       1
       1
       7
       1
       2
       1
       2
       4
       3
       3
       0
       2
       0
       1
       4
       4
       5
       2
       1
       1
       4
       0
       1
       4
       2
       1
       3
       2
       2
       1
       1
       1
       1
       1
       2
       0
       1
       2
       1
       0
       1
       0
       1
       1
       2
       1
       1
       2
       2
       2
       0
       1
       1
       3
       2
       3
       1
       4
       2
       0
       1
       2
       1
       0
       3
       4
       1
       2
       5
       1
       1
       0
       4
       3
       2
       2
       1
       0
       3
       1
       1
       1
       3
       2
       0
       0
       1
       1
       2
       0
       2
       1
       1
       1
       1
       2
       3
       0
       2
       1
       1
       1
       1
       1
       0
       3
       1
       0
       0
       0
       1
       1
       2
       1
       1
       1
       1
       4
       1
       2
       1
       0
       1
       0
       1
       2
       1
       2
       1
       0
       0
       3
       1
       1
       1
       1
       0
       2
       1
       0
       0
       3
       1
       1
       1
       0
       2
       0
       0
       2
       0
       2
       3
       2
       0
       1
       3
       1
       1
       2
       0
       2
       0
       1
       2
       0
       2
       2
       2
       0
       1
       0
       0
       2
       2
       3
       0
       1
       1
       0
       1
       3
       2
       2
       1
       0
       0
       1
       1
       1
       0
       1
       0
       0
       0
       0
       1
       1
       0
       0
       0
       1
       1
       0
       1
       1
       1
       1
       0
       0
       0
       0
       2
       1
       1
       0
       0
       0
       0
       1
       1
       1
       0
       1
       0
       1
       1
       0
       2
       0
       0
       2
       0
       1
       2
       1
       0
       0
       1
       0
       0
       1
       0
       0
       0
       0
       0
       0
       2
       1
       2
       0
       2
       0
       2
       2
       0
       3
       0
       0
       0
       0
       1
       2
       1
       1
       1
       1
       2
       0
       1
       0
       0
       0
       3
       3
       0
       2
       0
       2
       1
       0
       0
       1
       1
       1
       0
       2
       2
       0
       2
       1
       0
       2
       0
       1
       1
       1
       2
       1
       2
       0
       1
       2
       1
       0
       0
       2
       0
       0
       1
       2
       0
       1
       0
       0
       2
       2
       3
       2
       4
       4
       2
       1
       2
       4
       1
       0
       3
       3
       3
       0
       2
       2
       0
       1
       2
       2
       3
       0
       1
       2
       0
       2
       2
       0
       3
       0
       3
       3
       1
       1
       4
       0
       2
       0
       2
       0
       4
       3
       4
       0
       3
       0
       2
       2
       3
       4
       2
       1
       0
       0
       2
       2
       3
       2
       4
       2
       1
       3
       3
       4
       2
       6
       0
       2
       3
       2
       3
       4
       3
       1
       2
       3
       3
       1
       2
       2
       3
       2
       1
       6
       2
       0
       2
       2
       1
       2
       4
       2
       2
       0
       2
       3
       2
       2
       4
       2
       2
       3
       3
       0
       3
       2
       1
       3
       1
       4
       1
       2
       3
       0
       0
       2
       2
       4
       1
       1
       0
       3
       3
       2
       4
       1
       2
       0
       2
       1
       0
       2
       2
       0
       0
       1
       1
       1
       3
       1
       2
       1
       2
       1
       0
       2
       2
       0
       1
       1
       0
       0
       0
       0
       1
       3
       2
       0
       4
       1
       0
       1
       0
       0
       1
       0
       0
       1
       2
       1
       2
       2
       0
       1
       1
       1
       0
       2
       0
       0
       1
       0
       2
       0
       1
       0
       0
       2
       0
       1
       1
       0
       3
       0
       0
       1
       1
       0
       0
       1
       0
       1
       1
       1
       0
       1
       0
       0
       0
       0
       0
       0
       0
       0
       0
       0
       0
       0
       0
       0
       0
       0
       0
       0
       0
       0
       0
       0
       0
       0
       0
       0
       0
       0
       0
       0
       0
       0
       0
       0
       0
       0
       0
$ROI:
1
828 943
$PRESETS:
Live Time
450
0
$ENER_FIT:
0.000000 0.000000
$MCA_CAL:
3
0.000000E+000 0.000000E+000 0.000000E+000 
$SHAPE_CAL:
3
0.000000E+000 0.000000E+000 0.000000E+000
