$SPEC_ID:
No sample description was entered.
$SPEC_REM:
DET# 1
DETDESC# LAB4C1 Easy-MCA-2k SN 20066403
AP# Maestro Version 7.01
$DATE_MEA:
11/06/2024 09:42:57
$MEAS_TIM:
450 450
$DATA:
0 2047
       0
       0
       0
       0
       0
       0
       0
       0
       0
       0
       5
      17
       8
      10
      10
       9
       9
      11
       7
       8
      13
       9
       9
       7
       7
      12
      12
      11
       6
      18
      11
      12
      12
       8
      21
      15
      15
       6
      11
       8
      10
      22
      21
      10
      10
      13
      17
      15
      20
       9
      19
      11
      16
      15
      21
      20
       7
      10
      15
       9
      18
      22
      13
      20
      14
      18
      20
      15
      18
      16
      19
      22
      19
      19
      21
      20
      16
      21
      18
      21
      29
      21
      17
      15
      21
      25
      30
      19
      25
      22
      23
      33
      23
      25
      25
      27
      36
      33
      48
      33
      27
      36
      43
      49
      52
      46
      34
      43
      45
      53
      56
      64
      39
      68
      45
      56
      48
      42
      50
      45
      37
      42
      39
      28
      53
      39
      47
      39
      35
      38
      39
      43
      41
      38
      41
      40
      46
      39
      43
      26
      39
      31
      38
      32
      38
      40
      31
      31
      31
      29
      38
      28
      27
      30
      27
      24
      33
      25
      31
      37
      29
      33
      41
      33
      24
      37
      28
      42
      24
      38
      40
      25
      37
      24
      32
      18
      31
      26
      27
      24
      24
      37
      25
      37
      31
      24
      28
      25
      22
      32
      20
      23
      21
      27
      33
      30
      23
      24
      26
      22
      32
      17
      29
      22
      25
      22
      36
      20
      26
      27
      29
      17
      24
      23
      27
      20
      30
      21
      22
      30
      26
      30
      22
      25
      15
      20
      29
      19
      20
      21
      27
      21
      23
      22
      18
      17
      19
      22
      31
      31
      33
      21
      16
      29
      15
      26
      20
      20
      17
      22
      27
      19
      28
      20
      24
      22
      20
      22
      24
      20
      18
      26
      16
      18
      22
      16
      25
      19
      15
      14
      17
      17
      20
      24
      33
      24
      22
      25
      27
      15
      19
      22
      20
      16
      17
      15
      27
      15
      15
      17
      24
      20
      23
      16
      22
      20
      15
      17
      15
      24
      19
      21
      15
      14
      23
      19
      24
      21
      18
      26
      17
      15
      23
      18
      17
      18
      24
      17
      22
      17
      20
      20
      19
      19
      19
      26
      13
      16
      19
      25
      16
      25
      21
      18
      19
      14
      21
      17
      15
      15
      18
      18
      16
      20
      16
      14
      16
      14
      16
      14
      15
      14
      18
       8
      15
      13
      13
      15
      21
      21
      15
      13
      11
      11
      20
      10
      15
       9
       9
      14
      22
      11
      27
      15
      12
       7
      21
      12
      15
      16
      24
      22
      18
      10
      20
      19
      15
      18
       9
      11
      14
       7
      18
      11
      14
       7
      25
      12
      12
      14
      10
      12
      14
      11
      13
       8
      19
      11
      19
       8
      12
      13
      22
      12
      12
      13
      11
      15
       9
      10
      13
       9
      11
      10
      14
      14
      11
       7
      12
      15
      17
      11
      11
      12
      15
       9
      10
       5
      10
      11
      12
      15
      12
      17
      12
      13
      13
       4
      19
      12
      16
      17
       9
      15
       8
      13
      12
      15
      18
      15
      14
      19
       9
      10
      15
      10
      14
      14
      12
      14
      12
      23
      18
      10
      10
      13
      12
      17
      16
      11
      12
       7
      13
       9
      11
      15
      13
       9
       8
      12
      13
      16
      13
      16
       8
      12
       5
      15
      13
      11
       5
       6
      10
      14
      10
       5
       3
       6
      10
       6
      11
      10
      16
      10
      10
      16
       6
      11
      11
      11
      10
      10
       8
      12
      10
      11
       7
       9
       6
      10
       9
      14
       8
      11
      12
      10
       8
      13
       7
      14
       7
       6
       5
      12
       9
      13
      16
      12
       4
      14
      12
       8
       6
      11
       8
      11
       9
      13
      10
      10
      11
      14
       7
      10
      13
       8
      10
      11
      13
      11
       9
      15
       7
       7
      10
      11
      12
       8
      13
       8
       9
       8
       8
       9
       7
       8
       6
       7
       5
      14
       9
       9
       7
      10
      11
      12
       8
      10
       7
       9
       5
       5
       5
       8
       6
      11
      12
      12
      10
      10
       2
       4
      12
       6
       6
       9
       4
       6
       9
      16
      13
       5
       9
       3
      12
      12
       6
       7
       8
      10
      11
       7
       6
       6
       9
       8
       7
       9
       8
       7
       8
      12
       5
      12
      14
      12
      11
       6
      11
       8
       5
       8
      13
      10
      10
       4
       7
       4
       6
       6
       8
       8
       7
       5
       6
      11
       4
      10
       8
       9
       2
       5
       5
      11
      11
       8
       2
       9
       7
       7
       4
      11
       9
      11
      12
       7
       3
       2
       8
       9
       2
       8
       7
       5
      11
       4
       7
       9
      12
      10
       6
       4
       9
       4
       3
       5
       6
       5
       8
       5
       6
       7
       1
       5
       7
       6
       5
       5
       5
       5
       5
       6
       8
      11
      11
       5
      11
       2
       4
      11
       8
       2
       3
       3
      10
      10
       8
       3
       4
      11
       5
       6
       8
       5
       3
       7
       4
       5
      10
       7
       7
       4
       2
       7
       5
       8
      10
       6
       3
       2
       7
       5
       9
       5
       7
       3
       4
       5
       7
       7
       6
       7
       9
       8
       4
       3
       1
      11
       5
       6
       6
       8
      15
       3
       9
       4
       7
       3
       7
       8
       7
       7
       8
       7
       6
       3
       6
       4
       7
      10
       4
       8
       9
       5
       9
      11
       4
       7
      10
      10
       7
       5
       4
       9
      10
       7
       6
      10
       9
       6
       6
      11
       5
       6
      12
       4
       8
       8
       5
       6
      10
       9
       8
       7
       7
       9
      12
       8
      13
       8
      15
      14
       8
      12
      13
      16
      16
      13
      11
      11
      22
      14
      12
      14
      16
      20
      25
      26
      15
      22
      18
      25
      18
      25
      26
      17
      29
      30
      30
      28
      19
      26
      26
      39
      23
      22
      27
      24
      27
      32
      23
      30
      29
      30
      28
      25
      26
      37
      20
      28
      30
      39
      26
      35
      31
      38
      29
      23
      23
      24
      31
      33
      31
      22
      27
      27
      21
      31
      27
      19
      30
      19
      19
      20
      21
      28
      18
      15
      10
      11
      15
      15
      13
       9
       9
      11
      17
       9
      14
      13
       4
      10
      11
       9
       8
      14
       6
       9
       9
       5
       6
      10
       4
       3
       5
       3
       4
       5
       5
       0
       4
       5
      10
       3
       5
       5
       3
       2
       4
       4
       1
       3
       6
       3
       5
       4
       7
       2
       1
       1
       5
       3
       2
       3
       1
       1
       3
       4
       5
       2
       3
       7
       3
       0
       4
       2
       1
       3
       4
       6
       5
       2
       3
       4
       2
       2
       1
       3
       5
       0
       3
       5
       6
       3
       3
       6
       1
       3
       3
       3
       5
       4
       3
       5
       3
       1
       5
       3
       1
       5
       1
       5
       4
       0
       2
       0
       3
       2
       3
       2
       1
       2
       2
       5
       2
       2
       1
       5
       7
       2
       2
       1
       4
       4
       4
       3
       3
       2
       0
       5
       3
       0
       4
       0
       0
       1
       2
       5
       4
       0
       4
       4
       4
       2
       1
       0
       2
       1
       3
       2
       1
       4
       2
       5
       2
       3
       3
       3
       1
       3
       2
       2
       1
       1
       3
       5
       1
       5
       2
       4
       2
       1
       3
       3
       2
       1
       2
       2
       2
       3
       1
       2
       1
       4
       4
       1
       0
       1
       2
       1
       3
       2
       3
       3
       2
       3
       1
       1
       2
       3
       1
       1
       1
       1
       4
       2
       6
       2
       1
       0
       2
       1
       3
       1
       0
       0
       2
       4
       4
       1
       2
       1
       4
       4
       5
       2
       5
       3
       4
       2
       2
       1
       1
       1
       3
       3
       1
       4
       2
       3
       2
       1
       0
       2
       1
       2
       2
       4
       4
       1
       2
       2
       0
       3
       0
       2
       7
       2
       1
       2
       1
       2
       3
       5
       3
       3
       3
       3
       0
       2
       3
       2
       1
       1
       3
       3
       5
       3
       2
       3
       4
       2
       5
       5
       2
       2
       2
       3
       4
       2
       4
       3
       2
       0
       3
       0
       2
       4
       3
       4
       5
       4
       0
       4
       4
       0
       5
       3
       5
       4
       3
       5
       1
       1
       3
       3
       3
       1
       1
       0
       1
       2
       4
       3
       1
       3
       1
       2
       3
       4
       4
       1
       3
       2
       4
       4
       0
       1
       1
       1
       1
       1
       0
       0
       0
       8
       1
       1
       1
       3
       3
       2
       3
       1
       4
       2
       3
       5
       1
       4
       2
       0
       1
       1
       3
       3
       1
       2
       1
       2
       2
       1
       1
       3
       2
       3
       4
       4
       3
       2
       4
       0
       3
       1
       2
       4
       3
       2
       2
       4
       0
       3
       3
       0
       0
       5
       1
       2
       0
       4
       1
       2
       5
       1
       0
       0
       2
       4
       1
       1
       2
       3
       4
       1
       2
       1
       1
       1
       2
       2
       2
       1
       4
       1
       2
       1
       6
       2
       3
       0
       4
       0
       2
       2
       3
       2
       0
       1
       4
       0
       0
       3
       1
       0
       3
       3
       1
       1
       1
       1
       2
       2
       1
       1
       2
       2
       1
       2
       3
       2
       2
       2
       5
       0
       3
       0
       3
       3
       3
       2
       0
       3
       1
       2
       0
       3
       1
       2
       2
       4
       0
       3
       2
       0
       2
       3
       1
       1
       1
       2
       2
       1
       2
       2
       2
       3
       1
       1
       1
       2
       3
       1
       2
       2
       1
       1
       5
       1
       3
       1
       0
       4
       0
       2
       1
       2
       5
       2
       3
       1
       0
       1
       1
       1
       2
       3
       3
       3
       1
       2
       2
       1
       5
       3
       1
       3
       4
       2
       3
       1
       1
       2
       3
       0
       1
       3
       3
       2
       4
       2
       4
       2
       2
       3
       1
       4
       0
       2
       3
       3
       3
       1
       2
       0
       2
       0
       3
       2
       1
       4
       6
       2
       1
       0
       1
       1
       1
       1
       1
       1
       0
       1
       1
       3
       2
       2
       1
       2
       2
       3
       1
       1
       3
       2
       1
       1
       2
       2
       3
       4
       1
       4
       2
       3
       0
       0
       1
       0
       3
       2
       1
       0
       2
       1
       0
       3
       1
       4
       1
       2
       1
       4
       5
       1
       2
       0
       3
       3
       3
       2
       1
       3
       1
       0
       1
       2
       0
       2
       3
       0
       2
       1
       3
       0
       1
       1
       1
       1
       1
       1
       2
       2
       1
       0
       1
       1
       1
       1
       2
       1
       1
       1
       2
       2
       2
       0
       1
       2
       3
       1
       1
       1
       1
       1
       3
       0
       1
       2
       1
       0
       1
       2
       3
       3
       1
       3
       2
       2
       1
       2
       1
       1
       0
       3
       1
       3
       1
       1
       1
       0
       2
       2
       1
       2
       3
       1
       0
       0
       0
       3
       1
       1
       2
       1
       1
       1
       0
       2
       2
       3
       1
       0
       3
       1
       0
       1
       0
       2
       3
       1
       3
       0
       1
       1
       1
       1
       1
       1
       0
       1
       2
       1
       0
       2
       2
       2
       3
       0
       4
       0
       2
       0
       0
       1
       1
       0
       2
       1
       1
       1
       2
       2
       0
       1
       0
       0
       0
       0
       0
       1
       1
       2
       0
       1
       1
       1
       0
       1
       1
       2
       0
       1
       2
       0
       0
       1
       1
       0
       1
       0
       1
       0
       1
       3
       0
       1
       0
       0
       0
       2
       2
       2
       0
       0
       0
       0
       0
       0
       0
       0
       0
       1
       1
       0
       2
       1
       1
       1
       1
       2
       1
       2
       1
       0
       1
       0
       0
       0
       1
       1
       2
       3
       1
       0
       1
       0
       1
       1
       2
       0
       1
       3
       1
       2
       2
       0
       2
       1
       0
       0
       0
       1
       0
       2
       1
       1
       0
       0
       0
       4
       0
       3
       2
       0
       3
       0
       3
       1
       2
       1
       3
       1
       0
       0
       3
       0
       0
       1
       0
       1
       0
       0
       2
       2
       2
       2
       0
       1
       1
       2
       3
       1
       2
       0
       1
       2
       1
       0
       1
       0
       2
       0
       2
       1
       2
       1
       1
       2
       0
       1
       1
       3
       1
       2
       1
       0
       0
       0
       1
       0
       2
       2
       2
       2
       0
       3
       0
       2
       1
       5
       2
       2
       0
       0
       1
       2
       4
       2
       3
       4
       0
       4
       0
       2
       0
       2
       3
       3
       1
       4
       2
       0
       4
       2
       2
       5
       3
       1
       4
       3
       2
       3
       3
       3
       4
       2
       2
       0
       4
       0
       2
       0
       2
       6
       3
       2
       1
       3
       0
       1
       5
       2
       3
       3
       0
       0
       2
       1
       3
       1
       3
       4
       1
       3
       2
       0
       6
       4
       3
       1
       3
       3
       1
       3
       1
       3
       0
       3
       0
       1
       1
       2
       1
       2
       5
       1
       2
       0
       1
       2
       0
       3
       2
       2
       1
       2
       3
       2
       0
       2
       0
       2
       0
       1
       2
       2
       3
       0
       3
       0
       1
       1
       2
       0
       1
       2
       5
       0
       0
       0
       0
       0
       1
       0
       1
       1
       1
       1
       0
       2
       0
       1
       1
       1
       2
       0
       0
       0
       1
       0
       0
       2
       0
       0
       0
       1
       1
       2
       1
       2
       0
       0
       3
       2
       1
       0
       0
       1
       0
       0
       0
       1
       0
       0
       0
       1
       0
       0
       0
       0
       0
       0
       0
       0
       0
       0
       0
       0
       0
       0
       0
       0
       0
       0
       0
       0
       0
       0
       0
       0
       0
       0
       0
       0
       0
       0
       0
       0
$ROI:
1
837 940
$PRESETS:
Live Time
450
0
$ENER_FIT:
0.000000 0.000000
$MCA_CAL:
3
0.000000E+000 0.000000E+000 0.000000E+000 
$SHAPE_CAL:
3
0.000000E+000 0.000000E+000 0.000000E+000
