$SPEC_ID:
No sample description was entered.
$SPEC_REM:
DET# 1
DETDESC# LAB4C1 Easy-MCA-2k SN 20066403
AP# Maestro Version 7.01
$DATE_MEA:
11/05/2024 17:45:41
$MEAS_TIM:
700 700
$DATA:
0 2047
       0
       0
       0
       0
       0
       0
       0
       0
       0
       0
      18
      47
      29
      31
      33
      46
      29
      33
      21
      22
      32
      31
      25
      35
      36
      28
      29
      31
      44
      35
      37
      26
      33
      31
      26
      26
      27
      34
      29
      40
      30
      48
      52
      62
      79
      93
     102
     117
     136
     193
     147
     152
     176
     154
     153
     112
      92
      92
      88
      82
      54
      54
      60
      51
      44
      38
      44
      59
      39
      42
      39
      55
      40
      44
      49
      46
      53
      44
      55
      48
      49
      55
      45
      48
      55
      49
      40
      54
      68
      55
      65
      56
      65
      71
      70
      75
      70
      76
      85
      69
      86
      89
      91
      82
      96
     113
      91
     107
      94
     103
     123
     118
     129
     106
     114
     100
      90
     109
     106
      85
     100
      91
     106
      98
      84
      75
     107
      79
      85
      66
      75
      85
      87
      78
      75
      76
      79
      53
      77
      64
      82
      89
      73
      86
      65
      70
      61
      67
      75
      68
      83
      69
      48
      67
      66
      63
      70
      60
      72
      68
      63
      74
      75
      69
      66
      74
      60
      61
      74
      65
      76
      67
      81
      61
      74
      69
      68
      78
      74
      57
      71
      69
      56
      63
      54
      69
      72
      63
      53
      64
      53
      61
      71
      53
      55
      75
      70
      71
      66
      81
      61
      55
      52
      56
      56
      59
      59
      54
      64
      68
      49
      61
      68
      52
      53
      59
      61
      63
      56
      57
      55
      58
      60
      50
      65
      63
      56
      65
      52
      68
      71
      71
      58
      62
      60
      60
      55
      50
      61
      48
      60
      66
      71
      51
      50
      56
      60
      62
      57
      51
      50
      50
      75
      66
      78
      56
      72
      64
      58
      60
      61
      70
      67
      67
      61
      61
      76
      63
      65
      55
      82
      55
      66
      62
      57
      68
      60
      72
      61
      59
      47
      70
      58
      73
      68
      66
      62
      48
      78
      47
      48
      47
      52
      71
      61
      58
      53
      55
      61
      63
      51
      45
      58
      52
      47
      53
      53
      60
      80
      54
      54
      66
      56
      55
      60
      64
      47
      49
      50
      59
      52
      56
      55
      39
      41
      52
      44
      47
      60
      49
      57
      39
      30
      57
      58
      48
      45
      47
      42
      47
      46
      48
      53
      48
      36
      43
      35
      46
      52
      48
      46
      45
      40
      40
      40
      39
      52
      36
      33
      34
      42
      40
      33
      34
      36
      47
      41
      35
      39
      37
      43
      42
      43
      31
      36
      32
      37
      36
      35
      40
      39
      32
      50
      34
      41
      46
      41
      37
      43
      40
      41
      41
      38
      47
      37
      41
      42
      27
      42
      45
      34
      37
      23
      29
      39
      32
      39
      35
      24
      30
      30
      25
      39
      35
      30
      28
      47
      31
      41
      33
      35
      37
      34
      36
      26
      26
      24
      33
      35
      29
      25
      29
      31
      27
      34
      44
      33
      29
      33
      25
      25
      33
      34
      35
      28
      31
      29
      31
      44
      39
      25
      33
      30
      35
      28
      29
      44
      40
      30
      34
      27
      32
      35
      35
      24
      32
      40
      33
      27
      35
      38
      38
      28
      33
      45
      20
      27
      28
      35
      30
      28
      31
      28
      40
      31
      30
      33
      23
      31
      23
      32
      24
      21
      25
      22
      30
      33
      25
      30
      29
      27
      25
      25
      29
      29
      26
      25
      23
      23
      30
      22
      34
      45
      14
      29
      35
      35
      36
      37
      26
      29
      20
      31
      34
      21
      17
      27
      25
      29
      31
      29
      21
      32
      28
      26
      33
      23
      33
      36
      25
      27
      18
      33
      29
      21
      27
      29
      23
      21
      24
      26
      19
      22
      30
      20
      22
      26
      22
      28
      33
      27
      36
      23
      24
      26
      29
      23
      24
      35
      27
      27
      26
      31
      17
      21
      21
      29
      27
      27
      27
      29
      22
      26
      35
      26
      29
      29
      15
      41
      25
      27
      18
      27
      21
      24
      21
      21
      25
      20
      13
      26
      17
      15
      21
      18
      30
      23
      23
      23
      20
      23
      21
      28
      16
      20
      35
      22
      13
      14
      31
      26
      26
      14
      16
      22
      21
      31
      20
      28
      12
      13
      24
      17
      17
      20
      20
      19
      29
      18
       8
      20
      11
      15
      17
      14
      12
      18
      14
      22
      23
      23
      16
      17
      12
      23
      16
       9
      20
      18
      12
      12
      12
      11
       9
      20
      22
      20
      11
      17
      18
      16
      15
      14
      13
      14
      19
      16
      22
      15
      25
      16
      16
      12
      13
      10
      12
      21
      21
      15
      17
      21
      18
      16
      19
      18
      16
      12
      11
      16
      11
      16
      11
      14
      10
      11
      10
      10
      10
      12
      17
      16
      11
      15
      11
      14
      12
      17
      14
      17
      13
      15
      13
       7
      13
      17
      15
      16
      11
       6
       8
       8
       6
      12
      16
      16
      12
       9
       7
      11
      11
       6
      14
      14
      12
      10
      15
       9
      16
       8
      18
      12
       9
      10
      10
      11
      14
       9
      13
      14
       5
      15
       9
      12
      16
      14
      13
      11
       7
       8
      10
       8
      10
      12
      12
      10
      17
      15
      15
      12
      10
      12
      12
      11
      14
      18
      14
      14
       9
      17
      11
      14
      15
      15
      14
      12
      12
      22
      15
      15
      18
      10
      11
      15
      15
      10
      20
      12
      13
      12
      19
      20
      23
      21
      16
      21
      23
      21
      16
      27
      26
      24
      35
      25
      27
      37
      29
      40
      36
      41
      29
      37
      40
      33
      39
      61
      41
      38
      52
      45
      57
      57
      60
      67
      68
      80
      73
      56
      68
      92
     106
      84
      92
      85
     100
     113
      88
     104
     114
     105
     110
     124
     112
     121
     124
     114
     139
     121
     161
     130
     149
     129
     137
     139
     144
     152
     144
     161
     144
     156
     127
     150
     146
     132
     166
     163
     148
     136
     147
     127
     158
     120
     127
     114
     116
     134
     109
     115
     112
     128
     119
     106
     117
      82
      94
      89
      87
      75
      90
      89
      69
      75
      62
      65
      56
      59
      55
      43
      41
      53
      47
      41
      43
      41
      30
      34
      40
      32
      25
      33
      29
      24
      25
      21
      25
      14
      23
      15
      18
      17
      16
      15
       9
       7
      14
      10
      15
      10
      11
       6
       7
       5
       6
       9
      14
       8
       7
       3
       7
       6
       5
       6
       3
       8
       7
       3
       4
       2
       9
       5
       7
       5
       8
       6
       4
       7
       6
       5
       7
       4
       1
       4
       8
       7
       8
       3
       3
       1
       8
       6
       4
       2
       9
       3
       4
       2
       6
       6
       7
       5
       4
       5
       6
       7
       8
       8
       6
       2
       6
       6
       5
       2
       8
       5
       2
       4
       6
       1
       6
       4
       6
       6
       4
       6
       4
       8
       5
       3
       4
       3
       5
       2
       6
       4
       7
       4
       3
       3
       3
       6
       5
       4
       4
       6
       6
       5
       5
       4
       2
       3
       4
       2
       4
       9
       4
       4
       4
       3
       6
       1
       2
       5
       4
       4
       3
      10
       3
       3
       7
       4
       3
       7
       5
       2
       3
       0
       3
       3
       4
       3
       2
       0
       5
       4
       3
       2
       4
       2
       8
       2
       3
       4
       6
       6
       3
       3
       5
       6
       3
       1
       7
       1
       4
       0
       5
       2
       5
       5
       3
       4
       4
       1
       6
       2
       6
       5
       4
       3
       5
       4
       3
       3
       4
       1
       9
       4
       8
       2
       1
       1
       4
       5
       4
       2
       5
       3
       6
       5
       5
       5
       4
       4
       5
       6
       4
       2
       4
       6
       3
       4
       4
       3
       5
       2
       5
       5
       3
       1
       6
       4
       5
       3
       2
       9
       3
       2
       5
       3
       7
       5
       3
       6
       6
       7
       4
       7
       6
       4
       2
       5
       3
       4
       4
       6
       8
       3
       4
       5
       7
       3
       7
       2
       2
       0
       5
       7
       0
       6
       5
       4
       4
       4
       4
       3
       4
       6
       4
       1
       1
       4
       4
       5
       1
       3
       1
       1
       3
       7
       1
       5
       6
       4
       3
       3
       1
       1
       6
       4
       6
       7
       3
       3
       3
       7
       2
       4
       5
       3
       6
       5
       4
       7
       5
       2
       4
       7
       2
       9
       3
       4
       1
       8
       7
       4
       3
       3
       2
       2
       4
       3
       1
       4
       6
       5
       5
       5
       4
       2
       4
       3
       2
       7
       7
       2
       3
       3
       2
       3
       4
       4
       3
       7
       7
       2
       1
       1
       2
       3
       2
       3
       7
       8
       5
       6
      10
       3
       4
       3
       1
       3
       6
       4
       3
       4
       5
       6
       3
       3
       4
       3
       6
       3
       3
       2
       3
       2
       3
       3
       4
       2
       3
       3
       3
       3
       3
       2
       1
       4
       1
       6
       4
       4
       1
       4
       1
       1
       3
       3
       2
       2
       3
       6
       4
       3
       3
       5
       1
       3
       2
       1
       2
       2
       2
       2
       5
       5
       4
       2
       0
       1
       3
       4
       6
       3
       4
       2
       1
       2
       2
       2
       3
       3
       3
       4
       3
       3
       0
       4
       1
       1
       3
       3
       4
       4
       0
       3
       5
       0
       1
       1
       3
       3
       2
       2
       5
       1
       2
       4
       4
       5
       3
       1
       2
       3
       2
       5
       4
       3
       3
       3
       5
       6
       2
       4
       6
       7
       4
       4
       3
       1
       5
       1
       4
       4
       2
       7
       6
       6
       6
       5
       3
       4
      11
       1
       2
       4
       1
       2
       4
       4
       4
       3
       2
       1
       2
       2
       4
       1
       3
       3
       1
       6
       2
       1
       5
       6
       4
       4
       5
       3
       7
       2
       2
       6
       5
       1
       2
       4
       2
       4
       3
       1
       0
       4
       2
       4
       2
       1
       2
       3
       3
       1
       3
       2
       2
       1
       1
       1
       2
       2
       4
       2
       1
       1
       2
       1
       6
       1
       0
       1
       2
       1
       3
       2
       1
       3
       2
       2
       1
       5
       2
       3
       1
       2
       0
       3
       2
       1
       5
       2
       1
       4
       2
       2
       4
       0
       1
       3
       0
       2
       1
       0
       5
       2
       1
       1
       1
       2
       6
       1
       2
       2
       3
       0
       0
       2
       4
       3
       2
       3
       1
       3
       2
       3
       0
       3
       1
       4
       2
       2
       1
       4
       1
       4
       2
       2
       0
       4
       5
       2
       5
       2
       0
       1
       5
       4
       1
       0
       1
       2
       5
       1
       1
       4
       2
       1
       1
       0
       3
       5
       3
       2
       2
       4
       0
       1
       1
       8
       4
       5
       3
       3
       0
       2
       6
       3
       5
       2
       1
       2
       0
       0
       2
       0
       0
       3
       0
       4
       4
       5
       3
       1
       2
       1
       2
       4
       1
       4
       3
       0
       1
       2
       0
       3
       2
       3
       2
       4
       4
       0
       0
       2
       2
       2
       2
       1
       2
       0
       0
       3
       4
       1
       2
       1
       4
       2
       1
       1
       2
       1
       4
       1
       0
       2
       1
       3
       1
       2
       1
       1
       2
       0
       3
       1
       1
       1
       1
       0
       2
       2
       4
       2
       3
       0
       1
       3
       0
       1
       2
       3
       3
       4
       0
       1
       0
       1
       1
       2
       0
       2
       1
       2
       3
       2
       3
       1
       0
       0
       0
       1
       2
       1
       2
       2
       0
       2
       2
       3
       2
       3
       4
       0
       3
       0
       2
       0
       2
       0
       0
       3
       2
       1
       1
       0
       0
       1
       2
       3
       1
       2
       2
       2
       1
       2
       1
       0
       1
       0
       2
       1
       1
       1
       1
       2
       4
       2
       1
       1
       1
       0
       1
       0
       2
       0
       1
       1
       3
       2
       1
       1
       0
       1
       4
       3
       0
       1
       1
       2
       2
       2
       2
       2
       3
       0
       3
       3
       2
       5
       2
       2
       2
       2
       2
       2
       2
       4
       3
       5
       4
       2
       8
       2
       3
       2
       3
       1
       2
       1
       1
       3
       2
       0
       3
       4
       2
       4
       0
       2
       1
       3
       5
       5
       1
       2
       2
       3
       0
       1
       2
       2
       3
       6
       1
       3
       4
       4
       4
       4
       1
      10
       1
       3
       3
       7
       5
       5
       1
       5
       2
       1
       3
       2
       4
       8
       2
       4
       4
       7
       3
       6
       4
       1
       2
       4
       4
       2
       3
       4
       4
       2
       3
       4
       1
       1
       3
       4
       4
       4
       3
       3
       4
       6
       4
       2
       3
       4
       3
       0
       4
       3
       2
       1
       2
       2
       5
       3
       2
       3
       1
       4
       4
       2
       6
       4
       5
       2
       2
       2
       3
       6
       2
       0
       4
       3
       3
       2
       3
       0
       2
       2
       2
       0
       3
       4
       3
       2
       3
       1
       2
       2
       0
       2
       0
       1
       1
       2
       1
       2
       0
       4
       1
       0
       1
       1
       2
       0
       2
       5
       0
       0
       2
       2
       0
       0
       2
       2
       2
       1
       2
       3
       1
       3
       1
       2
       3
       1
       1
       1
       0
       1
       2
       0
       2
       3
       0
       2
       0
       0
       0
       1
       0
       5
       1
       0
       0
       0
       0
       1
       1
       2
       0
       1
       1
       1
       0
       5
       0
       0
       2
       1
       1
       0
       0
       1
       0
       1
       0
       0
       0
       1
       2
       0
       0
       0
       2
       0
       0
       0
       0
       0
       0
       0
       0
       0
       0
       0
       0
       0
       0
       0
       0
       0
       0
       0
       0
       0
       0
       0
       0
       0
       0
       0
       0
       0
       0
       0
       0
       0
       0
$ROI:
1
805 942
$PRESETS:
Live Time
700
0
$ENER_FIT:
0.000000 0.000000
$MCA_CAL:
3
0.000000E+000 0.000000E+000 0.000000E+000 
$SHAPE_CAL:
3
0.000000E+000 0.000000E+000 0.000000E+000
