$SPEC_ID:
No sample description was entered.
$SPEC_REM:
DET# 1
DETDESC# LAB4C1 Easy-MCA-2k SN 20066403
AP# Maestro Version 7.01
$DATE_MEA:
11/05/2024 18:28:22
$MEAS_TIM:
51852 51865
$DATA:
0 2047
       0
       0
       1
       0
       0
       0
       0
       0
       0
       9
     573
    1270
     920
     993
     975
     968
     973
     956
     982
    1016
    1048
     913
    1076
    1000
    1073
    1023
    1007
    1061
    1089
    1073
    1088
    1048
    1086
    1076
    1112
    1120
    1188
    1195
    1214
    1198
    1315
    1323
    1320
    1395
    1439
    1346
    1439
    1489
    1432
    1454
    1558
    1591
    1485
    1542
    1585
    1524
    1451
    1489
    1465
    1558
    1587
    1580
    1552
    1736
    1690
    1668
    1684
    1792
    1865
    1825
    1878
    1810
    1889
    1880
    1901
    1896
    1921
    1937
    1939
    1980
    2053
    2121
    2159
    2249
    2234
    2317
    2435
    2456
    2526
    2496
    2626
    2750
    2799
    2918
    2978
    3167
    3308
    3358
    3621
    3721
    3808
    4304
    4308
    4517
    4547
    4944
    4921
    5094
    5265
    5479
    5558
    5569
    5581
    5506
    5517
    5412
    5263
    5249
    5100
    4979
    4773
    4689
    4432
    4460
    4459
    4405
    4318
    4181
    4167
    4225
    4148
    4090
    4005
    3973
    3786
    3827
    3613
    3689
    3652
    3519
    3610
    3502
    3524
    3439
    3471
    3341
    3420
    3319
    3285
    3339
    3324
    3352
    3298
    3304
    3307
    3295
    3264
    3286
    3313
    3254
    3230
    3254
    3192
    3323
    3185
    3060
    3159
    3148
    3174
    3166
    3123
    3127
    3141
    3028
    3114
    3111
    3122
    3018
    3142
    2887
    3086
    3118
    2987
    2941
    3003
    3003
    2948
    2956
    2976
    2927
    2961
    2899
    2908
    2895
    2759
    2884
    2863
    2799
    2816
    2787
    2790
    2765
    2787
    2780
    2686
    2720
    2740
    2687
    2723
    2488
    2545
    2639
    2582
    2608
    2672
    2520
    2532
    2539
    2581
    2573
    2523
    2462
    2525
    2586
    2542
    2502
    2495
    2305
    2419
    2452
    2376
    2333
    2364
    2364
    2444
    2249
    2341
    2314
    2248
    2284
    2327
    2229
    2347
    2230
    2296
    2281
    2202
    2225
    2203
    2169
    2240
    2096
    2135
    2139
    2138
    2221
    2118
    2124
    2182
    2039
    2109
    2152
    2120
    2121
    2046
    2101
    2060
    2006
    2016
    2127
    2125
    2095
    2050
    1996
    2034
    1980
    1876
    1970
    1954
    2007
    1957
    2015
    1940
    1924
    1903
    1926
    1922
    1960
    1937
    1844
    1864
    1885
    1950
    1953
    1947
    1847
    1768
    1850
    1867
    1823
    1841
    1820
    1870
    1812
    1718
    1823
    1872
    1794
    1835
    1835
    1822
    1875
    1813
    1710
    1799
    1791
    1805
    1880
    1771
    1842
    1796
    1770
    1826
    1806
    1838
    1811
    1792
    1815
    1717
    1775
    1698
    1749
    1759
    1730
    1691
    1793
    1695
    1670
    1690
    1664
    1643
    1670
    1593
    1592
    1645
    1558
    1586
    1511
    1517
    1521
    1481
    1585
    1552
    1478
    1483
    1423
    1482
    1422
    1462
    1419
    1383
    1418
    1431
    1367
    1357
    1394
    1398
    1287
    1384
    1392
    1385
    1348
    1342
    1387
    1364
    1353
    1306
    1319
    1292
    1397
    1336
    1265
    1324
    1245
    1330
    1333
    1350
    1342
    1317
    1329
    1264
    1344
    1264
    1336
    1318
    1216
    1281
    1259
    1266
    1264
    1319
    1223
    1260
    1270
    1198
    1281
    1246
    1147
    1240
    1194
    1234
    1260
    1237
    1273
    1128
    1200
    1202
    1206
    1205
    1143
    1183
    1153
    1138
    1097
    1165
    1191
    1090
    1122
    1124
    1143
    1136
    1088
    1105
    1082
    1118
    1081
    1094
    1102
    1087
    1084
    1086
    1172
    1053
    1044
    1078
    1037
    1062
    1065
    1069
    1039
    1132
    1071
    1075
    1047
    1084
    1111
    1075
    1077
    1068
    1081
    1012
    1100
    1117
    1104
    1053
     995
    1129
    1078
    1078
    1060
    1072
    1114
    1066
    1022
     993
    1033
    1052
    1061
    1012
    1034
    1053
    1014
    1053
    1000
    1071
     966
    1042
    1010
     995
     969
     992
     973
     987
     971
     893
     897
     937
     947
     976
     933
     981
     910
     886
     910
     912
     846
     861
     829
     846
     920
     799
     821
     838
     875
     871
     910
     807
     833
     843
     888
     824
     810
     837
     838
     819
     853
     838
     837
     816
     838
     819
     790
     774
     814
     796
     786
     791
     767
     821
     766
     753
     773
     747
     772
     794
     752
     713
     706
     737
     713
     717
     757
     759
     773
     774
     794
     738
     749
     799
     738
     769
     726
     729
     832
     737
     757
     750
     734
     740
     764
     754
     728
     702
     729
     766
     678
     668
     749
     737
     723
     713
     707
     695
     714
     675
     703
     709
     667
     722
     695
     701
     701
     737
     722
     718
     710
     723
     695
     675
     693
     678
     713
     656
     640
     706
     683
     692
     677
     701
     741
     708
     671
     654
     659
     690
     692
     655
     652
     684
     678
     657
     661
     670
     657
     673
     621
     695
     664
     621
     699
     683
     698
     660
     658
     628
     693
     672
     688
     675
     655
     637
     655
     686
     635
     676
     685
     645
     685
     637
     723
     701
     659
     668
     667
     671
     708
     712
     680
     714
     690
     666
     716
     707
     659
     670
     709
     696
     699
     725
     722
     739
     658
     696
     681
     713
     682
     692
     734
     695
     743
     762
     690
     737
     717
     725
     737
     717
     680
     681
     700
     673
     712
     654
     677
     723
     723
     692
     655
     698
     691
     701
     626
     632
     636
     644
     639
     638
     642
     646
     634
     671
     640
     640
     606
     593
     629
     585
     588
     618
     611
     599
     615
     549
     603
     532
     555
     587
     574
     530
     558
     561
     551
     545
     580
     587
     536
     536
     554
     525
     579
     570
     571
     549
     608
     544
     593
     557
     615
     541
     544
     562
     611
     562
     584
     586
     542
     586
     561
     578
     544
     625
     584
     561
     612
     596
     616
     578
     577
     610
     587
     627
     590
     586
     606
     577
     542
     628
     623
     638
     586
     568
     629
     604
     636
     613
     621
     621
     655
     622
     622
     605
     603
     638
     638
     607
     628
     648
     584
     629
     620
     602
     620
     600
     595
     565
     613
     574
     581
     628
     563
     574
     558
     565
     534
     536
     579
     581
     521
     554
     569
     538
     569
     524
     567
     539
     599
     524
     581
     483
     538
     492
     512
     512
     547
     486
     460
     448
     449
     443
     459
     465
     489
     461
     482
     470
     472
     440
     453
     461
     419
     460
     455
     424
     409
     416
     410
     443
     438
     413
     414
     416
     437
     417
     434
     414
     403
     409
     403
     404
     391
     422
     391
     397
     418
     420
     377
     403
     384
     389
     413
     421
     403
     411
     391
     415
     389
     404
     380
     408
     365
     390
     383
     386
     369
     384
     392
     410
     381
     378
     402
     371
     347
     345
     347
     384
     370
     344
     381
     371
     392
     367
     374
     356
     369
     347
     348
     365
     367
     402
     367
     372
     375
     366
     352
     425
     355
     341
     353
     386
     383
     368
     366
     366
     369
     358
     346
     384
     342
     375
     360
     382
     343
     346
     350
     352
     360
     364
     348
     390
     365
     328
     357
     378
     351
     368
     374
     352
     354
     382
     362
     351
     334
     325
     389
     392
     366
     342
     377
     372
     320
     357
     343
     324
     334
     298
     359
     367
     359
     378
     358
     348
     369
     328
     354
     328
     341
     342
     351
     346
     358
     352
     333
     361
     344
     332
     333
     380
     338
     370
     354
     318
     314
     320
     321
     317
     313
     302
     350
     340
     316
     354
     315
     345
     321
     347
     303
     349
     330
     357
     331
     325
     313
     325
     319
     345
     309
     346
     341
     317
     338
     332
     314
     305
     319
     309
     329
     311
     334
     337
     344
     305
     349
     306
     359
     310
     304
     293
     322
     292
     331
     300
     308
     320
     315
     312
     302
     281
     321
     315
     314
     345
     341
     343
     306
     298
     308
     318
     277
     281
     303
     324
     301
     279
     316
     314
     311
     341
     310
     302
     290
     300
     312
     278
     310
     269
     304
     298
     283
     310
     311
     283
     318
     302
     326
     292
     270
     274
     285
     291
     271
     317
     267
     289
     260
     271
     322
     296
     296
     283
     282
     266
     285
     241
     242
     277
     266
     276
     274
     241
     266
     258
     278
     244
     282
     288
     275
     243
     289
     296
     290
     255
     283
     246
     268
     274
     291
     291
     285
     281
     314
     253
     298
     245
     275
     283
     285
     299
     286
     283
     287
     270
     282
     282
     315
     286
     289
     297
     297
     272
     292
     294
     300
     303
     321
     297
     298
     287
     249
     296
     274
     293
     310
     306
     307
     295
     294
     317
     318
     279
     278
     310
     294
     297
     306
     304
     257
     298
     322
     294
     289
     296
     280
     335
     289
     303
     299
     295
     301
     300
     315
     301
     272
     308
     305
     299
     269
     285
     316
     290
     280
     310
     297
     267
     322
     278
     293
     308
     296
     267
     296
     268
     305
     301
     275
     322
     322
     291
     301
     284
     280
     321
     282
     299
     312
     308
     287
     270
     270
     279
     319
     263
     253
     304
     257
     278
     293
     289
     252
     284
     289
     282
     268
     268
     283
     291
     278
     267
     293
     263
     260
     281
     284
     256
     281
     255
     286
     286
     285
     293
     270
     295
     242
     244
     246
     277
     271
     242
     215
     261
     265
     268
     240
     250
     242
     246
     280
     258
     286
     235
     265
     232
     249
     264
     237
     239
     231
     216
     257
     259
     240
     213
     237
     230
     223
     254
     235
     216
     238
     243
     249
     244
     220
     235
     187
     197
     248
     207
     207
     237
     220
     221
     220
     201
     238
     208
     210
     220
     223
     201
     224
     228
     227
     218
     223
     208
     216
     198
     225
     220
     213
     194
     213
     217
     196
     225
     191
     232
     200
     211
     242
     181
     195
     214
     217
     214
     186
     177
     226
     201
     202
     222
     190
     203
     197
     225
     202
     199
     221
     209
     177
     225
     214
     222
     190
     220
     211
     220
     187
     199
     190
     196
     198
     208
     192
     209
     185
     189
     210
     211
     205
     207
     205
     207
     199
     243
     211
     217
     213
     214
     221
     190
     188
     225
     197
     200
     239
     207
     215
     230
     210
     202
     207
     200
     191
     211
     204
     216
     245
     191
     230
     242
     209
     213
     212
     217
     213
     210
     215
     218
     212
     195
     222
     215
     220
     202
     219
     220
     203
     196
     204
     209
     213
     221
     206
     210
     206
     245
     210
     229
     199
     209
     232
     218
     215
     234
     246
     248
     204
     207
     227
     249
     212
     227
     220
     227
     228
     244
     225
     204
     227
     218
     214
     218
     213
     199
     221
     219
     207
     230
     224
     229
     200
     233
     212
     207
     222
     216
     213
     210
     208
     223
     204
     208
     225
     211
     185
     185
     195
     191
     206
     192
     189
     201
     220
     203
     200
     217
     210
     218
     189
     206
     197
     200
     192
     186
     177
     171
     188
     172
     214
     212
     175
     201
     183
     192
     192
     193
     172
     188
     188
     213
     194
     170
     173
     160
     174
     180
     180
     173
     184
     192
     187
     197
     166
     171
     184
     173
     159
     178
     189
     161
     174
     177
     171
     167
     179
     160
     174
     189
     178
     163
     158
     160
     159
     160
     171
     170
     169
     140
     164
     164
     168
     167
     157
     137
     178
     155
     168
     140
     173
     150
     155
     147
     162
     174
     156
     160
     173
     130
     164
     148
     168
     157
     133
     129
     158
     171
     172
     138
     160
     147
     149
     146
     130
     152
     155
     138
     143
     142
     152
     154
     145
     127
     149
     149
     150
     160
     139
     126
     149
     142
     136
     137
     109
     131
     128
     153
     133
     135
     125
     139
     133
     110
     124
     126
     113
     118
      87
     118
     120
     127
     133
     122
     138
      99
     125
     127
     116
     126
     126
      87
     116
     101
     121
     113
     130
     124
     116
     113
     102
     109
     103
     110
     107
      94
     112
     116
     107
     101
     101
     119
     109
     123
     110
     105
     115
     107
     103
     104
      84
     105
     109
     100
      90
     110
     108
     110
     111
     117
      94
     117
     117
      92
     106
     114
      95
      86
     113
      86
      95
     114
      89
      85
     100
     108
      97
     115
      79
     101
     107
     108
      97
      94
      93
      89
     104
     108
     100
     108
      86
     100
      86
      93
     103
      94
     101
      82
      85
      84
     109
      84
     111
     116
     105
      88
     111
      76
      88
      78
      92
      96
     111
     116
      98
      90
     105
     116
      94
      86
      96
     112
      99
     108
     100
      98
      88
      95
      83
     101
     108
     105
      90
     103
     114
     104
     109
      97
     113
     108
     106
     120
      98
     121
     109
      99
     110
     116
     123
     132
     109
     104
     105
     124
     113
     109
     114
     127
     134
     120
     104
     129
     141
     119
     136
     133
     145
     136
     140
     162
     137
     127
     132
     142
     173
     136
     139
     159
     160
     158
     158
     159
     168
     145
     176
     146
     156
     169
     170
     178
     158
     188
     191
     191
     181
     193
     196
     180
     214
     194
     191
     212
     191
     198
     202
     236
     222
     226
     252
     244
     216
     252
     219
     243
     210
     243
     230
     260
     249
     269
     246
     237
     281
     270
     259
     266
     251
     251
     257
     314
     279
     265
     270
     272
     294
     301
     282
     291
     290
     288
     285
     319
     307
     300
     284
     279
     318
     292
     275
     279
     295
     286
     312
     313
     306
     278
     303
     282
     279
     275
     283
     291
     265
     278
     291
     264
     277
     271
     297
     280
     296
     264
     275
     251
     301
     267
     269
     257
     257
     244
     272
     249
     249
     252
     260
     265
     248
     219
     227
     243
     221
     220
     220
     203
     228
     221
     230
     225
     208
     213
     203
     202
     185
     210
     173
     167
     178
     170
     166
     144
     176
     166
     156
     180
     137
     150
     154
     158
     157
     131
     147
     138
     154
     154
     173
     134
     140
     123
     147
     133
     121
     132
      95
     100
     128
     123
     131
     112
     107
     109
     110
     107
     103
      99
      95
     101
      90
     113
      92
     103
      67
      73
      97
      84
      92
      68
      78
      70
      92
      77
      90
      85
      88
      83
      79
      73
      69
      72
      68
      68
      70
      71
      71
      59
      63
      57
      69
      56
      66
      65
      64
      68
      39
      60
      63
      57
      64
       0
       0
       0
       0
       0
       0
       0
       0
       0
       0
       0
       0
       0
       0
       0
       0
       0
       0
       0
       0
       0
       0
       0
       0
       0
       0
       0
       0
       0
       0
       0
       0
$ROI:
0
$PRESETS:
None
0
0
$ENER_FIT:
0.000000 0.000000
$MCA_CAL:
3
0.000000E+000 0.000000E+000 0.000000E+000 
$SHAPE_CAL:
3
0.000000E+000 0.000000E+000 0.000000E+000
