$SPEC_ID:
No sample description was entered.
$SPEC_REM:
DET# 1
DETDESC# LAB4C1 Easy-MCA-2k SN 20066403
AP# Maestro Version 7.01
$DATE_MEA:
11/05/2024 15:49:12
$MEAS_TIM:
874 878
$DATA:
0 2047
       0
       0
       1
       0
       0
       0
       0
       0
       0
       2
     137
     311
     227
     259
     248
     252
     272
     249
     252
     243
     245
     238
     251
     268
     282
     284
     271
     255
     273
     267
     276
     323
     251
     251
     255
     279
     294
     274
     284
     309
     319
     299
     279
     320
     279
     307
     311
     283
     299
     301
     330
     302
     334
     289
     306
     323
     339
     317
     301
     340
     331
     323
     342
     340
     342
     320
     309
     337
     313
     328
     326
     365
     353
     312
     336
     336
     310
     309
     314
     316
     348
     308
     323
     340
     343
     339
     335
     349
     388
     336
     345
     365
     347
     372
     372
     405
     426
     417
     394
     415
     468
     451
     471
     460
     483
     443
     511
     542
     502
     520
     556
     546
     571
     551
     544
     587
     600
     589
     552
     514
     548
     475
     475
     462
     444
     454
     423
     456
     452
     448
     425
     405
     399
     414
     395
     382
     400
     419
     406
     395
     364
     351
     347
     365
     345
     416
     345
     368
     340
     357
     371
     332
     364
     354
     355
     377
     368
     395
     382
     367
     387
     386
     347
     380
     348
     373
     367
     320
     373
     381
     367
     393
     347
     348
     372
     345
     376
     364
     343
     336
     354
     324
     383
     402
     357
     361
     347
     339
     361
     368
     363
     404
     360
     357
     373
     343
     336
     385
     331
     317
     356
     368
     350
     367
     337
     344
     351
     344
     377
     339
     352
     385
     354
     368
     341
     363
     409
     408
     373
     398
     390
     376
     364
     418
     377
     384
     378
     400
     400
     395
     396
     382
     369
     397
     408
     390
     408
     387
     396
     417
     417
     386
     444
     412
     434
     397
     435
     440
     420
     417
     395
     434
     406
     436
     411
     397
     386
     387
     413
     388
     391
     391
     369
     400
     413
     397
     420
     399
     352
     376
     367
     391
     391
     364
     442
     392
     432
     394
     443
     370
     359
     368
     417
     370
     397
     413
     410
     410
     400
     391
     372
     386
     369
     377
     394
     405
     371
     398
     365
     368
     411
     436
     401
     394
     371
     394
     373
     444
     412
     429
     381
     373
     423
     367
     397
     371
     379
     399
     408
     392
     406
     372
     393
     346
     375
     388
     385
     427
     371
     362
     342
     374
     358
     368
     329
     346
     360
     364
     389
     359
     371
     386
     352
     370
     363
     349
     386
     396
     339
     353
     387
     351
     318
     343
     371
     346
     363
     368
     369
     320
     387
     357
     381
     367
     339
     355
     300
     364
     314
     352
     346
     344
     327
     343
     350
     338
     346
     344
     310
     340
     330
     362
     363
     319
     312
     332
     347
     355
     348
     332
     310
     368
     344
     375
     312
     344
     328
     376
     330
     371
     375
     356
     314
     336
     360
     338
     361
     318
     353
     348
     333
     332
     340
     310
     333
     321
     327
     346
     342
     324
     347
     317
     313
     358
     320
     332
     308
     317
     349
     286
     295
     301
     330
     267
     305
     296
     307
     288
     263
     307
     296
     289
     300
     264
     306
     271
     273
     287
     301
     260
     235
     267
     300
     269
     256
     259
     256
     283
     262
     246
     241
     239
     241
     239
     238
     236
     228
     231
     227
     241
     198
     228
     221
     217
     229
     184
     216
     192
     215
     191
     200
     211
     198
     211
     215
     189
     204
     194
     190
     195
     188
     195
     204
     225
     186
     206
     202
     208
     215
     181
     221
     187
     190
     173
     200
     196
     227
     181
     184
     186
     183
     198
     188
     176
     187
     210
     173
     201
     198
     194
     177
     189
     194
     198
     178
     187
     194
     198
     198
     201
     202
     185
     193
     181
     199
     199
     164
     198
     206
     181
     189
     199
     188
     177
     190
     183
     187
     210
     194
     199
     193
     223
     186
     199
     195
     182
     165
     159
     213
     193
     213
     209
     203
     214
     200
     188
     189
     213
     205
     216
     199
     235
     198
     189
     190
     206
     201
     217
     194
     203
     200
     200
     207
     193
     192
     184
     221
     194
     227
     213
     199
     203
     201
     201
     219
     235
     215
     199
     221
     210
     219
     215
     234
     213
     215
     235
     236
     242
     214
     242
     231
     252
     245
     261
     294
     238
     232
     287
     305
     294
     282
     346
     338
     323
     330
     356
     379
     359
     426
     416
     438
     500
     470
     518
     530
     551
     574
     653
     684
     730
     690
     737
     783
     819
     952
     930
    1057
    1005
    1088
    1090
    1230
    1223
    1327
    1331
    1476
    1537
    1552
    1672
    1685
    1678
    1871
    1906
    1938
    1964
    2010
    2159
    2138
    2257
    2298
    2277
    2338
    2350
    2428
    2371
    2505
    2472
    2515
    2595
    2612
    2578
    2613
    2645
    2523
    2600
    2568
    2475
    2537
    2533
    2420
    2451
    2413
    2371
    2284
    2177
    2191
    2093
    2004
    2055
    1891
    1766
    1841
    1708
    1662
    1679
    1551
    1412
    1390
    1288
    1305
    1262
    1214
    1043
    1034
     974
     972
     858
     861
     787
     725
     671
     651
     603
     544
     574
     489
     460
     440
     364
     357
     334
     360
     322
     281
     262
     253
     228
     245
     209
     217
     189
     161
     193
     161
     161
     165
     142
     150
     132
     127
     124
     138
     124
     121
     140
     112
     130
     113
     121
     124
     108
     107
     124
      96
     106
     115
     104
     114
     132
      87
     131
     109
      92
     113
      97
     101
     108
      95
     109
      97
      95
     101
     123
     114
     115
      97
      91
     110
     115
     106
      99
     117
     106
      89
     101
     101
      92
     118
      94
     111
     104
     115
     116
     103
     117
     125
     114
     101
     105
      91
     119
     125
      86
     123
      93
     111
     121
     115
     110
      83
     100
     104
     104
      98
     110
      87
      92
     113
     112
     106
      90
     103
     101
     104
     120
     100
     105
     104
     113
     106
      96
     100
     103
     111
      96
     100
      94
     109
     100
     102
     117
     107
     107
     108
      94
     109
      96
     106
     118
     105
     109
      96
     105
     117
     120
      97
      90
     124
      94
     106
      90
      92
      98
     129
      95
     106
     104
      97
     103
     118
     135
      98
     100
     115
     112
      99
      89
      98
      86
     128
     118
     127
     108
      96
      99
      97
     105
     106
     112
      95
     107
      97
      94
     129
     110
     115
     105
      87
     107
     104
     119
     116
     103
     106
     112
     100
      97
     124
     108
     106
     120
     102
     100
     117
     107
     111
     101
     102
     102
      93
      95
     108
     101
     105
     109
     104
      98
     105
     104
     107
      97
     112
     107
      91
      98
      98
     113
     106
     116
     122
      96
     113
     107
     107
     123
     101
      91
      99
      99
     101
     118
     111
     102
      98
     100
     106
     104
     114
     112
     115
      93
     110
     121
     104
     112
      97
      90
      98
     112
     106
      99
     130
     111
     100
      95
     109
     113
      94
     102
     109
     119
     103
     114
     102
     108
      96
     119
     102
     100
      87
      97
      92
      89
     104
     113
     106
     115
     143
      98
     109
     126
     105
      92
     103
     113
     100
     123
     113
     110
     124
     101
     112
     108
      90
      97
     104
     107
      98
     118
      98
     111
     108
     105
      99
     110
     116
     109
      86
     113
     107
     120
     110
     118
     107
     118
     102
     115
     106
     115
      95
     103
     117
     109
     101
      96
     112
     112
      94
      91
      92
     102
      99
     113
     116
     105
     110
     113
     114
     120
     106
     118
     106
     107
     104
      98
     107
     110
     103
     116
     101
     106
      95
     101
     110
     131
     119
     101
     102
     101
     104
     121
     117
      88
      92
      99
      98
     119
     104
     100
     114
     115
     111
     129
     114
      99
      98
     132
     112
     102
     108
     110
     107
     112
     107
      94
     123
      98
      95
     110
     123
      87
      99
     108
     116
     112
     111
     104
     118
     115
     111
     118
     114
      90
     113
     103
     115
     104
     114
     105
     112
     120
     100
     126
      87
     103
     114
      98
     107
     120
      96
     129
     119
     105
     106
      96
     127
     109
     110
     108
     118
     111
     112
     103
     117
     100
     116
     114
     110
     112
     116
     112
     105
     110
     106
     113
     117
     132
     135
     104
     107
     116
     114
     113
     121
     101
     131
     113
      98
     102
     107
     105
     108
     105
     113
     115
     111
     113
      97
     130
     113
     107
     119
     129
     106
     122
     128
     100
     109
      98
     135
     106
     116
     112
     110
     111
     122
     111
     105
     109
     115
     106
     125
     106
     117
     124
     120
      99
     123
     136
     127
     109
     118
     123
     132
     107
     100
     108
     132
      93
     106
     112
     116
     123
     121
     106
     105
     108
     103
      96
     121
     111
     123
     115
     126
     120
     121
     149
     113
     111
     112
     111
     100
     104
     120
     109
     118
     132
     108
     100
     129
     106
     103
     111
     123
     127
     117
     105
     120
     100
     110
     127
     106
     103
     109
     120
     112
     135
     110
     120
     120
     115
     122
     121
     108
     113
     104
     101
     115
      99
      92
     110
     116
      99
     125
     118
     106
     103
     123
     104
     111
      98
     100
     111
     121
     107
      83
      88
     106
     111
      99
     100
      86
      99
      87
      84
     113
      99
      99
     106
      92
      98
     115
      96
     101
      85
      99
      93
      80
      89
      89
     112
      94
     101
      86
      78
      78
      98
      82
      96
      86
      93
      91
      87
      88
      89
      95
      67
      80
      87
      71
      78
      93
      79
      64
      79
      78
      68
      74
      69
      71
      69
      75
      66
      81
      73
      46
      62
      63
      54
      66
      61
      58
      68
      57
      67
      53
      63
      57
      51
      53
      56
      49
      55
      55
      47
      63
      57
      59
      43
      61
      65
      49
      56
      57
      51
      59
      48
      50
      41
      47
      41
      52
      51
      42
      49
      44
      42
      41
      49
      39
      39
      49
      47
      44
      46
      39
      48
      34
      45
      33
      51
      40
      42
      31
      35
      33
      50
      34
      32
      34
      33
      45
      33
      28
      37
      37
      39
      26
      32
      33
      38
      35
      35
      28
      32
      27
      25
      43
      39
      32
      22
      44
      30
      40
      31
      25
      44
      39
      28
      34
      29
      36
      29
      33
      27
      28
      23
      28
      29
      29
      40
      20
      30
      31
      20
      26
      31
      34
      26
      30
      26
      29
      18
      24
      30
      24
      25
      39
      36
      32
      29
      34
      27
      38
      30
      28
      35
      17
      25
      25
      20
      22
      30
      24
      22
      20
      28
      36
      29
      29
      24
      35
      41
      29
      33
      41
      32
      22
      18
      45
      35
      26
      29
      38
      32
      40
      34
      25
      25
      40
      48
      39
      38
      44
      40
      31
      45
      44
      35
      41
      40
      44
      38
      50
      37
      46
      50
      54
      50
      49
      56
      73
      72
      80
      71
      77
      71
      90
      65
      63
      98
      93
      81
     100
      93
      93
      97
      99
     122
     117
     136
     100
     113
     128
     120
     134
     134
     179
     156
     155
     166
     168
     174
     146
     198
     204
     185
     218
     213
     198
     229
     219
     207
     221
     237
     246
     255
     284
     278
     279
     291
     277
     305
     290
     288
     340
     319
     343
     329
     316
     361
     335
     369
     365
     360
     360
     360
     369
     388
     369
     356
     387
     360
     394
     361
     404
     416
     388
     404
     409
     410
     369
     385
     414
     423
     424
     417
     435
     414
     403
     431
     353
     368
     443
     366
     365
     391
     389
     433
     374
     367
     408
     331
     371
     382
     378
     311
     329
     365
     322
     323
     326
     343
     309
     297
     308
     282
     277
     306
     276
     251
     275
     249
     255
     245
     200
     226
     233
     216
     237
     228
     200
     188
     178
     203
     192
     208
     158
     165
     153
     160
     145
     142
     130
     142
     141
     133
     127
     147
     135
     112
      91
     115
      99
     115
      96
      85
      88
      91
      98
      64
      90
      64
      71
      61
      53
      62
      56
      64
      60
      58
      49
      40
      44
      39
      36
      57
      43
      34
      25
      32
      29
      26
      28
      27
      27
      21
      21
      28
      21
      20
      21
      16
      22
      23
      12
      25
      13
      13
      12
      12
      12
      12
      10
      16
       3
      10
       5
       7
       8
       7
      10
       2
       1
       8
       6
       4
       1
       5
       6
       5
       3
       5
       5
       5
       6
       2
       2
       3
       1
       4
       0
       5
       2
       3
       3
       3
       3
       3
       0
       5
       0
       2
       5
       4
       3
       0
       3
       4
       5
      10
       3
       5
       4
       4
       1
       6
       4
       3
       9
       8
       9
       2
       4
       1
       2
       4
       4
       7
       3
       4
       2
       4
       5
       6
       5
       2
       5
       2
       4
       1
       4
       5
       4
       9
       5
       6
      11
       4
       7
       9
       5
       8
       5
       5
       4
      10
       5
       6
       5
       9
       4
       6
       5
       3
       3
       7
       5
       9
       4
       4
       4
       2
       7
       8
       7
       8
       2
       6
       5
       5
       2
       4
       1
       6
       5
       5
       2
       5
      10
       9
       8
      12
       6
       1
       4
       3
       6
       6
       5
       4
       5
      10
       0
      10
       6
       3
       9
       7
       5
       1
       5
       4
       4
       1
       6
       7
       3
       4
       1
       2
       6
       4
       7
       1
       2
       3
       4
       1
       2
       7
       5
       1
       3
       2
       3
       6
       2
       2
       3
       4
       5
       2
       2
       6
       4
       1
       1
       2
       2
       1
       4
       1
       1
       0
       4
       4
       3
       1
       0
       5
       4
       4
       4
       0
       1
       1
       0
       0
       1
       3
       0
       1
       4
       1
       0
       1
       1
       2
       1
       1
       4
       2
       0
       2
       5
       2
       1
       2
       5
       1
       1
       2
       0
       1
       2
       1
       1
       0
       1
       0
       1
       2
       1
       2
       2
       2
       1
       1
       3
       2
       0
       2
       4
       1
       2
       2
       0
       0
       0
       0
       0
       0
       0
       0
       0
       0
       0
       0
       0
       0
       0
       0
       0
       0
       0
       0
       0
       0
       0
       0
       0
       0
       0
       0
       0
       0
       0
       0
$ROI:
1
590 769
$PRESETS:
None
0
0
$ENER_FIT:
0.000000 0.000000
$MCA_CAL:
3
0.000000E+000 0.000000E+000 0.000000E+000 
$SHAPE_CAL:
3
0.000000E+000 0.000000E+000 0.000000E+000
