$SPEC_ID:
No sample description was entered.
$SPEC_REM:
DET# 1
DETDESC# LAB4C1 Easy-MCA-2k SN 20066403
AP# Maestro Version 7.01
$DATE_MEA:
11/06/2024 11:05:43
$MEAS_TIM:
222 223
$DATA:
0 2047
       0
       0
       0
       0
       0
       0
       0
       0
       0
       0
      49
      93
      69
      60
      64
      81
      76
      73
      75
      93
     108
      80
      81
      69
      78
      80
      87
      94
      90
      81
      70
      81
      81
      87
      78
     109
      89
      95
      95
      97
      87
      80
      93
     100
      80
      85
      70
      86
      94
      90
      89
      76
      97
      81
      94
      93
      98
      99
      99
     102
      99
      77
      81
      99
     102
     105
     126
      93
     111
     113
     101
     111
      95
     112
     104
     101
      82
     100
     114
      77
     117
     116
      99
     111
     100
      98
     108
     103
     103
     109
     107
     108
     134
     100
     136
     127
     108
     131
     125
     148
     123
     146
     132
     128
     136
     155
     157
     134
     156
     154
     167
     181
     163
     175
     166
     176
     169
     149
     146
     146
     153
     128
     142
     133
     148
     149
     125
     131
     117
     131
     141
     143
     114
     120
     134
     113
     129
     113
     110
     118
     122
     118
     103
     112
     109
     128
      98
      98
     102
     114
     105
     128
     117
      95
     101
     100
     104
     107
      95
      82
     102
     101
     114
     106
     108
     104
     108
      90
     100
     100
     115
      98
      99
      92
      92
     108
      96
     108
      91
     106
      75
     107
     114
      96
     116
     131
     108
     110
     112
      93
     106
     108
     113
     119
     113
     105
      96
      94
      95
     136
     115
     103
     124
     115
     103
     117
     117
      94
      98
     109
     122
     124
     132
      97
     111
     118
      79
     109
     107
      96
     103
     102
     113
     108
      81
     112
     119
     101
     104
     123
      89
     114
     112
     103
     132
     105
      97
      91
     110
     134
      97
      98
     110
     122
     106
     132
     106
     106
     119
     105
     118
     125
     111
     107
     120
     113
     118
     126
     115
     130
     134
     116
     103
      96
     113
     121
     119
     119
     126
     118
     108
     123
     139
     107
     114
      90
     113
     107
     120
     115
     120
     106
      97
     118
     106
     118
     118
      94
     118
     100
     121
     102
     130
     118
     119
     120
     104
     116
     126
     110
     103
     120
     132
     123
     110
     106
     122
     129
     129
     129
     135
     116
     109
     106
     117
     111
     117
     131
     108
     120
     120
     106
     135
     122
     129
     127
     118
     124
     123
     114
     124
     103
     126
     102
     130
     140
     137
     120
     121
     125
     110
      96
     130
     129
     117
     108
     116
     122
     120
     110
     102
     117
     101
     110
     127
     103
     102
     108
     101
     103
     111
     107
     108
     131
     120
     108
      93
     109
     109
      93
     106
      92
     121
      97
     126
     107
     111
     104
      91
      94
      99
     103
     107
     109
     109
     104
     100
      89
     113
      98
     112
     100
     111
     104
      99
     101
     107
      91
     100
     111
      90
     113
      95
      92
      96
     102
     111
     101
     110
      87
     106
      90
      98
      93
     105
     113
     111
      99
      87
      98
      95
     101
     103
     105
     107
     103
      98
      80
     104
      96
     107
      92
     101
      88
     100
      84
      93
      86
     100
      79
      81
      94
      92
      89
      74
      89
      79
      85
      71
      86
      79
      76
      78
      73
      69
      66
      78
      86
      75
      73
      69
      68
      71
      65
      77
      66
      73
      64
      71
      71
      55
      68
      66
      73
      59
      71
      67
      69
      59
      66
      59
      64
      63
      60
      52
      68
      55
      72
      62
      61
      65
      78
      58
      61
      65
      62
      61
      52
      59
      58
      60
      51
      61
      50
      46
      62
      58
      67
      71
      51
      64
      66
      60
      71
      48
      45
      56
      58
      55
      41
      63
      59
      58
      62
      57
      64
      47
      56
      66
      71
      59
      66
      52
      56
      46
      59
      52
      54
      63
      57
      65
      50
      60
      49
      63
      48
      51
      58
      45
      59
      72
      58
      59
      52
      55
      43
      57
      58
      69
      56
      56
      57
      54
      57
      74
      71
      59
      43
      67
      68
      58
      59
      64
      59
      64
      57
      66
      61
      59
      53
      67
      58
      71
      60
      60
      62
      65
      66
      62
      60
      68
      60
      56
      70
      72
      51
      53
      64
      84
      62
      61
      65
      59
      69
      65
      59
      74
      82
      71
      64
      66
      56
      74
      75
      73
      77
      76
      88
      64
      83
      83
      88
      84
     106
      90
      91
      93
      96
     101
     103
     113
     125
     100
     123
     108
     144
     147
     154
     163
     171
     157
     176
     197
     212
     207
     215
     240
     257
     223
     282
     311
     307
     324
     309
     352
     397
     351
     371
     422
     462
     484
     494
     497
     487
     542
     514
     569
     593
     572
     591
     617
     659
     642
     692
     733
     736
     779
     735
     763
     782
     775
     843
     822
     782
     769
     827
     787
     744
     789
     755
     771
     767
     751
     775
     752
     737
     703
     715
     674
     648
     667
     655
     601
     604
     574
     555
     512
     534
     472
     488
     447
     454
     393
     401
     415
     349
     326
     288
     291
     268
     254
     237
     223
     229
     240
     205
     174
     186
     164
     160
     131
     120
     138
     142
     118
     118
      98
      88
      87
      66
      54
      76
      55
      54
      54
      63
      45
      46
      56
      44
      47
      36
      42
      41
      34
      34
      36
      35
      39
      32
      55
      35
      42
      37
      33
      30
      27
      31
      34
      36
      33
      32
      30
      24
      25
      36
      31
      27
      33
      26
      36
      35
      30
      36
      29
      25
      33
      22
      37
      30
      30
      33
      28
      28
      25
      30
      26
      33
      39
      34
      24
      26
      34
      29
      33
      39
      29
      26
      34
      39
      31
      33
      26
      32
      29
      37
      19
      41
      33
      30
      36
      27
      35
      33
      31
      35
      30
      36
      35
      44
      35
      42
      35
      31
      39
      23
      42
      29
      33
      32
      23
      21
      26
      41
      35
      27
      27
      36
      29
      38
      23
      26
      29
      29
      31
      36
      31
      27
      35
      22
      29
      35
      24
      30
      24
      33
      27
      32
      28
      31
      31
      34
      34
      27
      25
      31
      24
      29
      28
      37
      24
      29
      31
      34
      29
      30
      31
      24
      32
      28
      28
      36
      28
      21
      31
      23
      32
      33
      30
      29
      38
      28
      28
      30
      44
      27
      47
      26
      28
      34
      33
      49
      25
      18
      25
      21
      46
      28
      21
      36
      35
      38
      23
      20
      25
      32
      34
      28
      36
      31
      31
      27
      22
      37
      44
      27
      37
      32
      34
      31
      30
      34
      28
      27
      26
      24
      23
      28
      23
      34
      24
      37
      29
      20
      27
      34
      31
      35
      20
      26
      31
      33
      31
      31
      21
      37
      32
      33
      22
      41
      26
      30
      37
      36
      20
      27
      29
      33
      38
      26
      30
      39
      36
      28
      31
      38
      29
      20
      32
      35
      41
      31
      32
      29
      39
      31
      41
      33
      37
      31
      33
      28
      33
      34
      45
      32
      33
      30
      32
      27
      26
      40
      26
      29
      23
      32
      32
      29
      32
      31
      25
      31
      26
      35
      23
      33
      36
      38
      24
      30
      32
      39
      32
      30
      29
      25
      35
      29
      37
      33
      38
      27
      30
      38
      35
      38
      31
      45
      34
      31
      33
      41
      37
      34
      36
      35
      36
      43
      44
      39
      28
      27
      40
      28
      29
      35
      31
      37
      29
      33
      29
      21
      26
      39
      33
      34
      37
      31
      42
      29
      24
      46
      19
      47
      24
      30
      39
      34
      35
      36
      37
      24
      34
      29
      29
      21
      34
      31
      46
      33
      25
      27
      39
      32
      28
      27
      35
      22
      34
      30
      42
      28
      32
      36
      27
      33
      29
      26
      32
      27
      33
      38
      35
      27
      41
      20
      32
      35
      33
      32
      32
      29
      42
      27
      39
      31
      29
      42
      35
      26
      40
      32
      36
      33
      36
      41
      35
      31
      32
      39
      23
      26
      37
      29
      34
      36
      31
      31
      33
      38
      33
      39
      40
      37
      45
      26
      31
      29
      45
      37
      36
      33
      27
      31
      41
      33
      41
      30
      37
      29
      44
      37
      33
      32
      21
      45
      39
      33
      28
      31
      30
      43
      31
      33
      40
      35
      40
      39
      30
      39
      30
      41
      34
      30
      32
      26
      23
      29
      40
      37
      41
      37
      26
      35
      38
      50
      40
      40
      36
      36
      32
      32
      36
      29
      32
      31
      29
      46
      41
      30
      39
      34
      40
      40
      34
      32
      28
      47
      35
      44
      34
      41
      31
      36
      30
      39
      29
      36
      47
      42
      35
      30
      34
      29
      35
      26
      26
      28
      43
      29
      34
      36
      38
      31
      27
      29
      29
      36
      38
      34
      26
      40
      38
      50
      25
      44
      34
      38
      26
      38
      45
      39
      44
      27
      42
      37
      39
      39
      39
      33
      26
      35
      36
      32
      33
      30
      25
      32
      42
      22
      30
      34
      38
      29
      41
      34
      37
      37
      39
      36
      38
      33
      35
      34
      35
      30
      42
      36
      23
      20
      43
      35
      20
      32
      32
      33
      37
      35
      32
      44
      35
      26
      35
      28
      26
      35
      31
      29
      26
      33
      26
      38
      29
      30
      30
      32
      39
      23
      22
      21
      23
      22
      23
      28
      23
      20
      18
      21
      19
      33
      18
      34
      33
      27
      27
      25
      29
      25
      23
      27
      35
      29
      28
      25
      16
      29
      14
      22
      15
      18
      23
      20
      18
      11
      22
      17
      23
      19
      14
      14
      14
      20
      13
      16
       9
      13
      18
      15
      16
      16
      19
      22
      17
      18
      27
      18
      22
      17
      11
      16
      16
      23
      10
       8
      14
      10
      14
      11
      12
      11
      13
      12
      14
      13
      11
      15
      13
       8
      15
       6
      21
      11
      16
       9
       9
      10
      17
      14
       9
       6
      15
       7
      13
      13
      10
      14
       8
       8
       4
       8
       9
       9
       9
      16
      14
      15
      10
      11
       6
      12
       9
      12
      11
      12
      18
      15
       6
      10
       6
       4
       9
      11
      14
       7
      14
      18
       6
      10
      12
      14
       8
      11
      13
      11
       3
       9
       9
      10
       9
      13
       9
       7
      10
       8
       9
       7
       5
       8
       7
       7
       6
      12
       7
       6
       6
       9
       9
       7
      12
      11
      10
       9
      10
      12
      13
       5
       7
      10
      14
       8
       5
       8
       8
       9
       5
       7
      18
       8
      13
       4
       4
      16
       8
       8
      12
      11
      12
       4
       6
       9
      12
      18
      13
      19
      10
       7
       4
      10
      17
      16
       9
       9
      13
      17
      15
      18
      12
      12
      16
      13
      10
      12
      16
      20
      15
      13
      19
      29
      19
      18
      31
      25
      25
      24
      20
      23
      26
      28
      27
      27
      30
      40
      27
      40
      32
      39
      43
      37
      43
      46
      43
      50
      47
      60
      47
      44
      51
      70
      56
      49
      59
      54
      53
      67
      71
      66
      67
      61
      86
      89
      74
      85
      95
      76
      83
      85
      95
      94
     103
      90
      81
      87
     110
     109
      98
      90
      97
      97
      94
     100
     108
     118
     113
     118
     118
     144
     115
     125
     130
     127
     112
     116
     123
     124
     147
     124
     133
     135
     104
     119
     130
     111
     117
     129
     111
     116
     128
     125
     119
     146
     121
     119
     128
     111
     120
     104
     108
     118
     110
     125
     116
     104
      88
     113
     108
     107
     112
     107
      93
      98
      88
      93
      97
      92
      95
      82
      72
      78
      83
      77
      75
      66
      72
      76
      70
      62
      74
      61
      71
      65
      67
      61
      54
      59
      66
      54
      37
      37
      52
      43
      44
      35
      47
      40
      40
      46
      33
      28
      29
      25
      35
      28
      27
      33
      23
      23
      22
      17
      22
      21
      27
      17
      16
      12
      10
      18
      20
      12
      16
       2
       5
      15
      14
      14
       9
       3
      10
       8
       6
       8
      11
       4
      10
       2
       8
       6
       6
      10
       6
       3
       4
       6
       1
       6
       4
       2
       5
       4
       1
       6
       1
       2
       2
       1
       2
       3
       0
       1
       1
       3
       1
       1
       0
       3
       3
       2
       0
       1
       1
       2
       1
       0
       0
       1
       3
       2
       0
       1
       1
       1
       1
       2
       1
       1
       1
       0
       2
       1
       1
       0
       2
       0
       2
       2
       2
       3
       1
       0
       4
       0
       0
       0
       0
       0
       0
       4
       1
       1
       1
       3
       1
       2
       0
       1
       2
       1
       0
       1
       2
       1
       1
       1
       3
       0
       0
       2
       1
       0
       1
       1
       0
       0
       3
       0
       0
       2
       2
       1
       1
       1
       4
       1
       0
       1
       2
       1
       0
       1
       0
       2
       4
       1
       0
       2
       1
       0
       1
       2
       1
       1
       1
       2
       1
       2
       2
       1
       1
       1
       0
       3
       1
       2
       0
       2
       1
       1
       3
       1
       0
       3
       1
       1
       0
       2
       1
       2
       0
       2
       3
       2
       1
       1
       1
       0
       1
       0
       0
       1
       1
       2
       3
       0
       0
       2
       2
       0
       0
       1
       0
       0
       1
       2
       0
       1
       2
       0
       0
       1
       2
       1
       0
       0
       1
       1
       0
       1
       0
       0
       1
       0
       0
       0
       1
       0
       0
       2
       2
       0
       0
       1
       0
       0
       0
       1
       0
       1
       1
       1
       1
       0
       1
       0
       1
       2
       1
       1
       0
       1
       1
       1
       2
       0
       1
       0
       0
       0
       1
       1
       0
       0
       0
       0
       1
       2
       1
       0
       0
       0
       2
       0
       3
       1
       0
       0
       0
       0
       0
       0
       1
       1
       0
       1
       2
       0
       0
       0
       0
       0
       0
       0
       0
       0
       0
       0
       0
       0
       0
       0
       0
       0
       0
       0
       0
       0
       0
       0
       0
       0
       0
       0
       0
       0
       0
       0
       0
       0
       0
       0
$ROI:
1
1564 1757
$PRESETS:
Live Time
450
0
$ENER_FIT:
0.000000 0.000000
$MCA_CAL:
3
0.000000E+000 0.000000E+000 0.000000E+000 
$SHAPE_CAL:
3
0.000000E+000 0.000000E+000 0.000000E+000
