$SPEC_ID:
No sample description was entered.
$SPEC_REM:
DET# 1
DETDESC# LAB4C1 Easy-MCA-2k SN 20066403
AP# Maestro Version 7.01
$DATE_MEA:
11/05/2024 16:05:37
$MEAS_TIM:
880 884
$DATA:
0 2047
       0
       0
       0
       0
       0
       0
       0
       0
       0
       0
       0
       0
       0
       0
       0
       0
       0
       0
       0
       0
       0
       1
       0
       0
       0
       0
       0
       0
       0
       0
       0
       0
       0
       0
       0
       0
       0
       0
       0
       0
       0
       0
       0
       0
       0
       0
       0
       0
       0
       0
       0
       1
       0
       0
       0
       0
       0
       0
       0
       0
       0
       0
       0
       0
       0
       0
       0
       0
       0
       0
       0
       0
       0
       0
       0
       0
       0
       0
       0
       0
       0
       0
       0
       0
       0
       0
       0
       0
       0
       0
       1
       0
       0
       0
       0
       0
       0
       0
       0
       0
       0
       0
       0
       0
       0
       0
       1
       0
       0
       1
       1
       0
       0
       0
       0
       0
       0
       0
       0
       0
       0
       0
       0
       0
       0
       0
       1
       0
       0
       0
       0
       0
       0
       0
       0
       0
       0
       0
       1
       0
       0
       0
       0
       0
       0
       0
       0
       1
       0
       0
       0
       0
       0
       0
       0
       0
       0
       0
       0
       1
       0
       0
       0
       0
       0
       0
       0
       0
       0
       0
       0
       0
       0
       0
       0
       0
       0
       0
       0
       0
       0
       0
       0
       0
       0
       0
       0
       0
       0
       0
       0
       0
       0
       0
       0
       0
       0
       0
       0
       0
       0
       0
       0
       0
       0
       0
       0
       0
       0
       0
       0
       0
       0
       0
       1
       1
       0
       0
       0
       0
       0
       0
       0
       0
       0
       0
       0
       0
       0
       0
       0
       0
       0
       0
       0
       0
       0
       0
       0
       0
       0
       0
       0
       0
       1
       0
       0
       0
       0
       0
       0
       0
       0
       0
       0
       0
       0
       0
       0
       0
       0
       0
       0
       0
       0
       0
       0
       0
       0
       0
       0
       0
       0
       1
       0
       0
       0
       1
       0
       0
       0
       0
       0
       0
       0
       0
       0
       0
       0
       0
       0
       0
       0
       0
       0
       0
       1
       0
       0
       0
       0
       0
       0
       0
       0
       0
       0
       0
       0
       0
       0
       0
       0
       0
       0
       0
       0
       0
       0
       0
       0
       0
       0
       0
       0
       0
       0
       0
       0
       0
       0
       0
       0
       0
       0
       0
       0
       0
       0
       0
       0
       0
       0
       0
       0
       0
       0
       1
       0
       0
       0
       0
       0
       0
       0
       0
       0
       0
       0
       0
       0
       0
       0
       1
       0
       0
       0
       0
       0
       0
       0
       0
       0
       0
       0
       0
       0
       0
       0
       0
       0
       0
       0
       0
       0
       0
       0
       0
       0
       0
       0
       0
       0
       0
       0
       0
       0
       0
       0
       0
       0
       0
       0
       0
       0
       1
       1
       0
       0
       0
       0
       0
       0
       0
       0
       0
       1
       0
       1
       0
       1
       0
       0
       0
       0
       0
       0
       0
       1
       0
       0
       0
       0
       0
       0
       0
       0
       0
       2
       0
       0
       0
       0
       1
       0
       0
       0
       0
       1
       1
       0
       0
       2
       0
       1
       0
       1
       3
       0
       1
       0
       0
       1
       1
       0
       1
       4
       1
       3
       1
       1
       2
       3
       3
       3
       4
       4
       4
       1
       3
       2
       3
       3
       2
       1
       2
       1
       2
       3
       3
       2
       3
       6
       1
       3
       4
       2
       5
       6
      10
       4
       7
       2
       5
       4
       7
      12
       6
       8
       5
       7
       8
       9
       8
       5
       7
       9
       9
      10
      15
      10
      10
      13
       9
      18
      12
      15
      13
      13
      13
      17
      15
      10
      18
      22
      24
      15
      24
      14
      13
      20
      29
      25
      21
      25
      22
      24
      20
      26
      28
      21
      19
      32
      22
      20
      28
      24
      20
      28
      30
      27
      36
      36
      32
      13
      34
      38
      37
      34
      24
      34
      48
      39
      36
      47
      47
      44
      46
      35
      43
      55
      49
      38
      60
      55
      43
      51
      46
      48
      57
      62
      50
      84
      52
      58
      62
      66
      58
      65
      66
      68
      70
      71
      75
      87
      71
      89
      88
      70
      81
      95
      95
      99
     101
     125
     110
     119
     119
     138
     113
     138
     135
     147
     153
     166
     204
     216
     254
     224
     253
     275
     248
     323
     320
     359
     329
     381
     412
     420
     472
     468
     513
     546
     581
     599
     653
     724
     701
     770
     808
     810
     820
     949
     915
    1011
    1006
    1046
    1056
    1127
    1195
    1255
    1247
    1286
    1396
    1329
    1430
    1492
    1498
    1534
    1535
    1598
    1522
    1661
    1592
    1619
    1612
    1695
    1620
    1660
    1605
    1570
    1540
    1680
    1613
    1550
    1539
    1466
    1435
    1457
    1427
    1391
    1385
    1331
    1221
    1187
    1203
    1216
    1087
    1082
    1018
     980
     931
     882
     791
     838
     725
     727
     681
     687
     613
     590
     486
     496
     499
     405
     381
     372
     373
     342
     315
     295
     271
     236
     211
     200
     199
     182
     136
     125
     129
     117
      72
     101
      96
      83
      89
      74
      65
      51
      42
      38
      38
      40
      31
      27
      26
      22
      32
      32
      25
      17
      29
      23
      31
      19
      20
      21
      17
      14
      14
      12
      22
      14
      19
       9
      20
       9
      14
      11
      12
      10
      16
      21
      12
      11
      13
      12
      18
      17
      12
       9
      11
      14
      10
       8
      10
       9
      10
      17
      17
      20
      14
       8
      13
       9
       8
      12
      12
      16
      11
      10
      14
      12
      18
      16
       9
      12
      21
      21
       7
      11
      16
      15
      16
      15
       7
      16
      16
      17
       6
      13
      13
      18
      14
      13
      15
      15
      11
      10
      18
       7
      15
      11
       9
      14
      10
      10
      12
      10
      13
      19
      16
      10
      16
      15
      13
       8
      15
      16
       8
       7
       8
       9
      15
       8
      16
       9
      17
      13
      13
      14
      18
      13
      13
      12
      14
      18
      16
      12
      19
      10
      11
      18
       9
       9
      10
      11
      17
      15
      11
      15
      11
      12
      13
       9
      16
       9
      20
      17
      11
      15
      14
       9
      16
       7
      16
      12
       9
      17
      17
       9
      20
      11
      12
      17
      17
       9
      14
       7
       8
      11
      19
       9
      13
      15
      11
       9
      12
      11
      21
      13
      12
      16
      12
       9
      16
      10
      10
      20
      14
      13
      16
      10
      14
       9
      12
      20
      13
      10
      15
      13
       8
      15
       7
      18
      10
      17
      23
      19
      14
      14
      17
      16
       9
      14
      12
      12
      14
      13
      15
       9
      24
      11
      10
      19
      15
      14
      13
      12
      12
      16
      10
      16
      10
      11
      11
      17
      14
       9
      11
      19
      15
      10
       7
      15
      15
      17
      17
      12
      11
      12
       9
      19
      18
      11
      14
      24
      14
      15
       6
      11
      14
      11
       8
      18
      13
      14
      17
      17
      16
       6
      13
      10
      15
      11
       8
      11
      18
      14
      17
      12
      15
      14
      17
       6
      16
      18
      18
      22
      15
      14
       9
      16
      17
       9
      11
      16
      15
      13
      13
      13
      15
      11
      10
      14
      16
      14
      15
      12
      14
      22
      24
      17
      11
      14
      17
      11
      17
      11
      18
      13
      18
      16
      18
      13
      17
      16
      15
      20
      12
      13
      14
      17
      12
       9
      11
      11
      18
      12
      15
      22
      16
      13
      12
      14
      10
      18
      17
      13
      18
      12
      16
      11
      12
      15
      15
      10
      10
      15
      12
      16
      13
      16
      12
      10
      16
      16
      17
      13
       8
      12
      15
      17
      12
      20
      13
       9
      11
      13
      14
      20
      18
      14
      15
      10
      22
       7
      23
      13
      11
      14
      12
      16
      19
      13
      14
      17
      10
      12
      16
      16
       8
       9
      16
      20
      12
      11
      14
      18
      11
      15
      20
      22
      13
      11
      14
      13
      15
       6
      15
      12
      10
      15
      18
      13
      20
      12
      16
      16
      20
      13
      14
       9
      19
      15
      14
      12
      15
      18
      18
      20
      18
      15
      13
      17
      12
      16
      12
      17
      14
      16
      14
      14
      13
      19
      14
      12
      11
      16
      12
      11
      11
      17
      11
      17
      17
      16
      13
      13
      17
      19
      11
      16
      20
      19
      16
      13
      14
      14
       9
      15
       9
      17
      14
      12
      16
      13
      11
      18
      16
      15
      20
      12
      13
      13
      15
      13
      22
      14
      21
       7
       8
      13
      17
      13
      15
       7
      20
      14
      15
      18
      19
      19
      15
      10
      16
      13
      20
      17
      14
      19
       9
      19
      20
      10
      22
      14
      11
      15
      16
      12
      20
      15
      13
      16
      17
      18
      14
      13
      11
      15
      10
      16
      20
      11
      13
      15
       8
      13
      14
      11
      17
      10
      11
       9
      13
      14
       9
      12
      10
      18
      10
      11
      14
      19
      17
       6
      11
       9
      17
      19
      12
      16
      12
      13
      12
      11
       8
      13
      13
      10
      14
      12
      13
      13
      14
       8
      16
      13
      16
      11
       9
       8
      10
      11
      10
       7
      11
      12
       8
      14
      10
      12
      14
      10
      11
      14
       8
      13
      10
      16
      10
       7
       7
      11
      10
       8
      12
      11
      12
      16
       9
      14
       6
      12
       8
       4
      17
       5
       9
       5
       8
       8
       4
      12
      14
      12
       9
       5
       9
      12
       7
       9
       7
       7
       7
      10
       6
      10
      10
       8
       5
       7
       5
       2
      10
       4
      12
       7
      10
       9
      11
       4
      11
       5
       3
      10
       6
       6
       4
       7
       5
       8
       5
       8
       5
      11
       6
       1
       9
       7
       6
       4
      10
       2
       6
       4
       8
       4
      10
       4
       7
       9
       5
       3
       4
       7
       4
       7
       5
       2
       4
       4
       5
       4
       2
       9
       6
       3
       7
       4
       2
       5
       4
       4
       5
       5
       4
       4
       9
       6
       1
       4
       4
      10
       5
       5
       4
       4
       5
       5
       3
      10
       8
       2
       4
       3
       4
       8
       5
       5
       4
       4
       4
       1
       4
       6
       1
       6
       3
       2
       5
       1
       1
       2
       3
       3
       5
       5
       6
       4
       2
       5
       4
       1
       1
       5
       3
       2
       2
       1
       5
       5
       6
       4
       4
       7
       1
       2
       2
       3
       6
       2
       8
       3
       6
       5
       9
       4
       4
       2
       6
       3
       4
       7
       7
       3
       7
       3
       4
       3
       4
       6
       7
       6
       5
       7
       9
       5
       5
       9
       6
       8
      10
       6
       5
       5
      15
       8
       8
      12
      13
       7
      11
      18
      16
      13
      20
      10
      16
      17
      16
      14
      18
      17
      15
      11
      21
      19
      12
      26
      28
      20
      23
      19
      29
      25
      27
      22
      28
      22
      26
      20
      28
      26
      30
      23
      27
      27
      29
      31
      41
      37
      45
      27
      43
      34
      31
      52
      38
      46
      34
      36
      46
      49
      53
      41
      44
      43
      54
      52
      53
      62
      51
      56
      39
      58
      56
      49
      45
      66
      61
      50
      72
      44
      75
      60
      53
      53
      54
      52
      52
      48
      46
      44
      51
      67
      47
      34
      44
      48
      59
      56
      46
      53
      44
      45
      41
      37
      47
      30
      48
      36
      39
      38
      48
      39
      39
      39
      37
      42
      30
      31
      37
      30
      32
      40
      32
      33
      27
      28
      23
      32
      18
      27
      25
      30
      18
      20
      21
      12
      18
      18
      15
      18
      19
      10
      18
      14
      11
      14
      17
      17
       8
       9
      12
      11
      12
       9
      14
      11
       7
       9
      10
       7
       8
       8
       8
       5
       5
       6
       8
       8
       5
       2
       5
       5
       6
       5
       4
       2
       6
       3
       6
       2
       4
       4
       2
       1
       2
       5
       2
       6
       2
       0
       0
       4
       2
       2
       2
       4
       2
       1
       0
       1
       1
       0
       1
       0
       2
       1
       1
       2
       0
       1
       0
       0
       0
       0
       2
       0
       1
       1
       1
       0
       0
       3
       1
       1
       2
       0
       0
       2
       0
       2
       1
       0
       2
       1
       1
       0
       1
       2
       0
       1
       1
       1
       0
       2
       0
       0
       0
       0
       1
       0
       0
       0
       0
       0
       0
       0
       0
       0
       0
       0
       1
       0
       1
       1
       1
       0
       1
       1
       1
       2
       0
       2
       1
       0
       0
       1
       0
       0
       0
       0
       0
       0
       0
       2
       0
       2
       0
       1
       0
       0
       0
       0
       1
       1
       1
       0
       0
       1
       1
       0
       1
       0
       1
       1
       1
       2
       0
       0
       1
       0
       0
       1
       2
       2
       1
       0
       2
       2
       0
       1
       0
       2
       0
       0
       1
       0
       0
       0
       0
       0
       1
       2
       1
       2
       0
       2
       1
       1
       1
       0
       0
       1
       1
       1
       0
       0
       0
       1
       0
       3
       0
       0
       1
       1
       0
       0
       0
       0
       0
       1
       0
       1
       2
       2
       1
       1
       0
       0
       1
       1
       0
       0
       0
       3
       2
       0
       0
       0
       1
       0
       2
       1
       0
       2
       0
       1
       0
       1
       1
       0
       0
       1
       0
       0
       0
       0
       1
       1
       0
       0
       0
       0
       0
       0
       0
       0
       0
       1
       1
       0
       1
       2
       0
       0
       1
       1
       0
       0
       0
       1
       1
       2
       0
       0
       0
       0
       0
       0
       1
       0
       0
       0
       0
       0
       1
       1
       1
       0
       0
       0
       0
       0
       0
       1
       1
       0
       0
       1
       0
       1
       1
       0
       0
       0
       3
       0
       0
       0
       0
       1
       0
       0
       0
       0
       0
       0
       0
       0
       0
       0
       0
       0
       0
       0
       0
       0
       0
       0
       0
       0
       0
       0
       0
       0
       0
       0
       0
       0
       0
       0
       0
       0
       0
$ROI:
1
590 769
$PRESETS:
None
0
0
$ENER_FIT:
0.000000 0.000000
$MCA_CAL:
3
0.000000E+000 0.000000E+000 0.000000E+000 
$SHAPE_CAL:
3
0.000000E+000 0.000000E+000 0.000000E+000
